data;
template template-3;
float x;
float y;
float z;
float s;
float id;
array array-3 template-3-element;
;
template template-3-element;
float y;
float s;
float w;
;
;
template-3 20 20 30 6 3;
150 0 0;
107.48 0 0;
77.0126 0 0;
55.1819 0 0;
39.5396 0 0;
28.3313 0 0;
20.3003 0 0;
14.5458 0 0;
10.4225 0 0;
7.46806 0 0;
5.3511 0 0;
3.83423 0 0;
2.74735 0 0;
1.96856 0 0;
1.41053 0 0;
1.01069 0 0;
0.724192 0 0;
0.518907 0 0;
0.371813 0 0;
0.266416 0 0;
0.190895 0 0;
0.136782 0 0;
0.0980088 0 0;
0.0702264 0 0;
0.0503194 0 0;
0.0360554 0 0;
0.0258348 0 0;
0.0185115 0 0;
0.0132641 0 0;
0.00950411 0 0;
;
