1 7 -1 en 0.85;
1 25 18 2 2 0 1 tr 2 0 0 en 0.67;
1 47 -1 en 0.64;
1 69 21 2 2 1 2 tr 3 2 2 en 0.6;
1 75 -1 en 0.58;
1 93 17 2 tr en 0.51;
1 111 -1 en 0.48;
1 167 56 1 0 2 tr 4 2 en 0.43;
1 171 -1 en 0.48;
1 182 11 0 1 1 tr 4 0 en 0.48;
1 189 -1 en 0.5;
1 191 2 0 1 0 tr 4 3 en 0.47;
1 201 -1 en 0.47;
1 220 18 2 1 1 2 tr 3 3 4 en 0.65;
1 237 -1 en 0.73;
1 291 53 1 tr en 0.36;
1 291 -1 en 0.36;
1 327 35 0 2 1 tr 2 1 en 0.54;
1 327 -1 en 0.54;
1 342 14 1 1 tr 3 en 0.48;
1 351 -1 en 0.53;
1 405 53 2 2 tr 0 en 0.62;
1 405 -1 en 0.62;
1 418 12 1 1 2 tr 2 2 en 0.7;
1 423 -1 en 0.71;
1 426 3 2 2 1 2 tr 4 2 3 en 0.72;
1 429 -1 en 0.72;
1 453 23 1 2 2 0 tr 3 4 4 en 0.57;
1 465 -1 en 0.51;
1 480 15 1 1 2 tr 0 1 en 0.52;
1 489 -1 en 0.49;
1 515 25 1 1 tr 0 en 0.6;
1 519 -1 en 0.61;
1 532 13 2 0 1 tr 0 1 en 0.61;
1 549 -1 en 0.62;
1 562 13 1 1 0 tr 0 3 en 0.61;
1 567 -1 en 0.61;
1 590 23 2 2 tr 0 en 0.69;
1 603 -1 en 0.62;
1 618 15 1 1 tr 2 en 0.43;
1 639 -1 en 0.49;
1 647 8 2 1 2 2 tr 4 4 1 en 0.5;
1 663 -1 en 0.31;
1 689 25 2 tr en 0.43;
1 693 -1 en 0.38;
1 696 3 1 1 1 tr 2 0 en 0.33;
1 699 -1 en 0.28;
1 723 23 0 tr en 0.33;
1 729 -1 en 0.34;
1 733 4 1 0 tr 2 en 0.34;
1 741 -1 en 0.36;
1 745 4 2 tr en 0.37;
1 771 -1 en 0.35;
1 797 25 2 tr en 0.44;
1 801 -1 en 0.48;
1 817 16 1 1 1 0 tr 3 3 3 en 0.54;
1 825 -1 en 0.57;
1 835 10 1 2 0 1 tr 3 1 1 en 0.66;
1 855 -1 en 0.67;
1 885 29 2 1 tr 2 en 0.6;
1 885 -1 en 0.6;
1 895 9 2 1 2 1 tr 3 2 4 en 0.55;
1 903 -1 en 0.45;
1 939 35 1 1 1 0 tr 3 4 3 en 0.55;
1 939 -1 en 0.55;
1 980 41 2 tr en 0.44;
1 987 -1 en 0.39;
1 1040 52 2 0 0 0 tr 0 2 3 en 0.47;
1 1047 -1 en 0.53;
1 1087 39 0 tr en 0.52;
1 1095 -1 en 0.52;
1 1108 13 0 1 tr 0 en 0.52;
1 1119 -1 en 0.52;
1 1155 35 0 2 0 1 tr 0 0 4 en 0.53;
1 1155 -1 en 0.53;
1 1170 15 0 1 1 0 tr 2 0 3 en 0.51;
1 1179 -1 en 0.55;
1 1199 19 1 1 1 0 tr 0 1 1 en 0.48;
1 1209 -1 en 0.48;
1 1245 35 0 1 0 tr 4 3 en 0.48;
1 1245 -1 en 0.48;
1 1281 35 2 1 tr 0 en 0.48;
1 1281 -1 en 0.48;
1 1288 7 2 1 0 tr 3 4 en 0.48;
1 1305 -1 en 0.46;
1 1312 7 2 tr en 0.5;
1 1329 -1 en 0.5;
1 1384 55 2 2 2 0 tr 0 0 1 en 0.51;
1 1395 -1 en 0.45;
1 1417 22 0 0 2 tr 3 3 en 0.44;
1 1431 -1 en 0.27;
1 1443 12 2 2 1 0 tr 2 4 1 en 0.37;
1 1449 -1 en 0.41;
1 1480 31 2 2 2 0 tr 4 1 1 en 0.4;
1 1485 -1 en 0.41;
1 1502 16 2 2 2 2 tr 2 1 3 en 0.45;
1 1515 -1 en 0.48;
1 1545 29 2 2 2 tr 2 0 en 0.52;
1 1545 -1 en 0.52;
1 1568 23 0 0 1 tr 1 1 en 0.49;
1 1587 -1 en 0.57;
1 1597 10 2 1 0 0 tr 3 1 4 en 0.51;
1 1611 -1 en 0.49;
1 1643 31 2 2 1 0 tr 2 0 4 en 0.44;
1 1647 -1 en 0.44;
1 1677 29 1 1 0 0 tr 2 3 2 en 0.45;
1 1677 -1 en 0.45;
1 1695 18 2 tr en 0.45;
1 1707 -1 en 0.58;
1 1735 28 0 0 0 0 tr 0 2 3 en 0.49;
1 1737 -1 en 0.49;
1 1753 16 2 tr en 0.45;
1 1767 -1 en 0.46;
1 1776 9 1 0 tr 3 en 0.47;
1 1779 -1 en 0.48;
1 1820 41 2 1 0 tr 3 2 en 0.5;
1 1827 -1 en 0.5;
1 1835 8 1 0 1 1 tr 2 2 2 en 0.49;
1 1857 -1 en 0.47;
1 1872 15 2 1 1 tr 3 0 en 0.56;
1 1887 -1 en 0.61;
1 1917 29 2 0 0 tr 3 3 en 0.71;
1 1917 -1 en 0.71;
1 1922 5 2 2 1 0 tr 0 3 3 en 0.9;
1 1929 -1 en 0.71;
1 1981 52 1 tr en 0.67;
1 1989 -1 en 0.65;
1 1990 1 0 tr en 0.65;
1 1995 -1 en 0.64;
1 2014 18 0 1 tr 3 en 0.54;
1 2025 -1 en 0.49;
1 2061 35 0 0 1 tr 3 3 en 0.49;
1 2061 -1 en 0.49;
1 2088 27 1 tr en 0.43;
1 2091 -1 en 0.48;
1 2095 4 0 tr en 0.44;
1 2103 -1 en 0.45;
1 2119 15 0 1 tr 3 en 0.5;
1 2133 -1 en 0.5;
1 2135 2 1 0 2 tr 3 4 en 0.4;
1 2151 -1 en 0.5;
1 2158 7 2 0 tr 0 en 0.06;
1 2175 -1 en 0.51;
1 2179 4 1 1 2 tr 0 0 en 0.52;
1 2187 -1 en 0.51;
1 2219 31 0 tr en 0.42;
1 2223 -1 en 0.42;
1 2261 37 1 1 2 0 tr 0 2 3 en 0.41;
1 2265 -1 en 0.41;
1 2272 7 2 1 1 0 tr 1 2 1 en 0.34;
1 2277 -1 en 0.39;
1 2302 25 2 1 tr 0 en 0.46;
1 2307 -1 en 0.46;
1 2337 29 2 tr en 0.43;
1 2337 -1 en 0.43;
1 2356 19 2 0 0 1 tr 1 1 0 en 0.51;
1 2367 -1 en 0.51;
1 2397 29 2 tr en 0.5;
1 2397 -1 en 0.5;
1 2434 37 1 1 0 tr 0 0 en 0.5;
1 2439 -1 en 0.5;
1 2469 29 0 0 1 tr 0 4 en 0.39;
1 2475 -1 en 0.4;
1 2485 9 1 1 tr 0 en 0.36;
1 2487 -1 en 0.41;
1 2521 33 1 1 tr 0 en 0.31;
1 2523 -1 en 0.36;
1 2545 22 0 1 tr 0 en 0.36;
1 2553 -1 en 0.36;
1 2577 24 2 1 0 1 tr 0 0 2 en 0.41;
1 2595 -1 en 0.42;
1 2619 24 2 1 1 0 tr 3 4 1 en 0.49;
1 2625 -1 en 0.49;
1 2640 15 2 2 0 0 tr 3 4 0 en 0.49;
1 2643 -1 en 0.49;
1 2663 19 0 1 1 1 tr 2 2 2 en 0.48;
1 2667 -1 en 0.48;
1 2670 3 1 tr en 0.48;
1 2679 -1 en 0.58;
1 2682 3 2 2 0 tr 1 1 en 0.57;
1 2691 -1 en 0.53;
1 2711 20 2 1 0 tr 0 1 en 0.5;
1 2727 -1 en 0.5;
1 2757 29 2 0 0 tr 2 4 en 0.5;
1 2763 -1 en 0.5;
1 2778 14 2 2 1 1 tr 3 0 3 en 0.48;
1 2787 -1 en 0.47;
1 2803 15 1 1 0 2 tr 2 2 3 en 0.48;
1 2805 -1 en 0.47;
1 2834 29 0 2 2 tr 3 4 en 0.49;
1 2841 -1 en 0.49;
1 2871 29 1 1 2 0 tr 0 2 0 en 0.57;
1 2871 -1 en 0.57;
1 2901 29 1 1 tr 3 en 0.68;
1 2901 -1 en 0.68;
1 2905 4 2 2 1 tr 0 1 en 0.5;
1 2913 -1 en 0.39;
1 2916 3 2 2 2 1 tr 0 1 1 en 0.47;
1 2937 -1 en 0.52;
1 2964 27 1 0 tr 1 en 0.57;
1 2973 -1 en 0.55;
1 2995 21 2 2 2 2 tr 4 0 1 en 0.55;
1 3003 -1 en 0.76;
1 3016 13 2 2 0 2 tr 1 0 1 en 0.6;
1 3027 -1 en 0.69;
1 3029 2 2 tr en 0.68;
1 3051 -1 en 0.24;
1 3099 47 2 tr en 0.46;
1 3099 -1 en 0.46;
1 3131 32 2 2 0 tr 3 2 en 0.44;
1 3141 -1 en 0.42;
1 3145 4 1 2 2 tr 0 3 en 0.41;
1 3159 -1 en 0.4;
1 3197 37 2 1 tr 1 en 0.4;
1 3201 -1 en 0.4;
1 3231 29 0 tr en 0.5;
1 3231 -1 en 0.5;
1 3238 7 1 1 1 tr 2 3 en 0.55;
1 3243 -1 en 0.53;
1 3259 16 1 tr en 0.42;
1 3267 -1 en 0.42;
1 3289 22 1 tr en 0.52;
1 3291 -1 en 0.44;
1 3313 22 2 1 2 2 tr 3 1 2 en 0.57;
1 3321 -1 en 0.6;
1 3381 59 0 2 1 2 tr 0 4 3 en 0.5;
1 3381 -1 en 0.5;
1 3417 36 2 0 2 0 tr 2 2 0 en 0.46;
1 3435 -1 en 0.43;
1 3458 22 2 1 0 0 tr 0 4 0 en 0.41;
1 3471 -1 en 0.29;
1 3507 36 1 2 tr 1 en 0.3;
1 3513 -1 en 0.3;
1 3546 33 1 1 1 0 tr 1 2 2 en 0.33;
1 3561 -1 en 0.34;
1 3572 11 1 tr en 0.34;
1 3579 -1 en 0.35;
1 3581 2 0 1 2 tr 0 0 en 0.35;
1 3591 -1 en 0.36;
1 3625 34 0 0 0 tr 4 0 en 0.49;
1 3639 -1 en 0.54;
1 3674 35 0 tr en 0.69;
1 3681 -1 en 0.94;
1 3708 27 0 1 1 1 tr 3 2 0 en 0.69;
1 3711 -1 en 0.7;
1 3722 38 2 1 0 1 tr 2 2 0 en 0.66;
