3 23 -1 en 0.75;
3 63 40 0 tr en 0.72;
3 63 -1 en 0.72;
3 87 23 2 2 2 2 tr 3 4 2 en 0.65;
3 93 -1 en 0.61;
3 109 16 1 0 0 2 tr 3 0 2 en 0.58;
3 129 -1 en 0.52;
3 132 3 2 2 2 2 tr 3 2 4 en 0.49;
3 147 -1 en 0.52;
3 164 16 1 tr en 0.36;
3 165 -1 en 0.37;
3 170 5 2 tr en 0.67;
3 177 -1 en 0.44;
3 204 27 2 1 1 2 tr 0 1 0 en 0.46;
3 219 -1 en 0.49;
3 249 29 2 tr en 0.49;
3 249 -1 en 0.49;
3 253 4 0 tr en 0.49;
3 261 -1 en 0.49;
3 264 3 1 0 0 0 tr 3 1 2 en 0.49;
3 279 -1 en 0.5;
3 295 15 1 0 tr 2 en 0.57;
3 297 -1 en 0.65;
3 332 35 2 1 0 tr 1 1 en 0.59;
3 339 -1 en 0.59;
3 373 33 1 1 tr 3 en 0.67;
3 381 -1 en 0.45;
3 396 15 1 2 2 tr 1 3 en 0.36;
3 399 -1 en 0.31;
3 405 6 2 1 1 2 tr 2 0 1 en 0.42;
3 411 -1 en 0.31;
3 434 22 2 0 2 0 tr 2 0 1 en 0.38;
3 435 -1 en 0.34;
3 449 14 1 1 1 tr 2 1 en 0.47;
3 453 -1 en 0.44;
3 455 2 2 0 2 0 tr 2 3 2 en 0.46;
3 471 -1 en 0.46;
3 509 37 2 1 tr 0 en 0.19;
3 513 -1 en 0.19;
3 531 17 2 2 1 0 tr 0 3 1 en 0.2;
3 543 -1 en 0.21;
3 579 35 2 2 tr 3 en 0.33;
3 579 -1 en 0.33;
3 593 14 1 0 2 tr 0 1 en 0.28;
3 609 -1 en 0.44;
3 614 5 0 2 2 2 tr 1 3 1 en 0.44;
3 633 -1 en 0.65;
3 635 2 2 2 1 tr 4 0 en 0.55;
3 651 -1 en 0.48;
3 653 2 0 0 2 2 tr 1 1 2 en 0.48;
3 675 -1 en 0.32;
3 708 32 0 1 2 tr 4 0 en 0.61;
3 711 -1 en 0.61;
3 723 12 0 2 1 tr 2 3 en 0.54;
3 735 -1 en 0.53;
3 739 4 2 tr en 0.53;
3 753 -1 en 0.53;
3 771 18 1 0 0 tr 0 0 en 0.53;
3 789 -1 en 0.48;
3 830 41 2 2 2 0 tr 2 2 4 en 0.42;
3 849 -1 en 0.44;
3 869 20 2 0 0 2 tr 0 0 4 en 0.52;
3 873 -1 en 0.48;
3 915 42 2 2 0 tr 2 1 en 0.53;
3 921 -1 en 0.53;
3 968 46 1 tr en 0.6;
3 975 -1 en 0.59;
3 1005 29 2 1 1 0 tr 3 3 1 en 0.7;
3 1005 -1 en 0.7;
3 1014 9 1 2 2 0 tr 3 4 3 en 0.74;
3 1017 -1 en 0.73;
3 1024 7 2 1 2 1 tr 3 4 0 en 0.49;
3 1029 -1 en 0.55;
3 1044 15 2 0 0 2 tr 3 3 0 en 0.67;
3 1053 -1 en 0.49;
3 1057 4 1 tr en 0.55;
3 1071 -1 en 0.49;
3 1096 25 0 0 tr 0 en 0.65;
3 1107 -1 en 0.49;
3 1132 24 0 tr en 0.47;
3 1137 -1 en 0.45;
3 1162 25 0 0 0 tr 0 0 en 0.19;
3 1167 -1 en 0.59;
3 1195 28 0 2 0 tr 0 0 en 0.64;
3 1203 -1 en 0.64;
3 1215 12 2 0 2 1 tr 1 1 1 en 0.63;
3 1227 -1 en 0.61;
3 1263 35 1 2 tr 2 en 0.59;
3 1263 -1 en 0.59;
3 1284 21 1 1 tr 0 en 0.6;
3 1293 -1 en 0.55;
3 1301 8 0 0 tr 1 en 0.47;
3 1323 -1 en 0.47;
3 1376 53 1 1 1 2 tr 1 2 3 en 0.49;
3 1377 -1 en 0.49;
3 1397 19 2 1 0 tr 3 2 en 0.48;
3 1407 -1 en 0.55;
3 1411 4 1 0 tr 0 en 0.44;
3 1425 -1 en 0.57;
3 1476 50 2 tr en 0.51;
3 1479 -1 en 0.51;
3 1500 21 2 1 0 0 tr 2 4 0 en 0.5;
3 1509 -1 en 0.49;
3 1517 7 2 2 1 tr 2 2 en 0.49;
3 1527 -1 en 0.48;
3 1557 29 1 2 0 tr 0 3 en 0.46;
3 1557 -1 en 0.46;
3 1573 15 2 0 1 tr 3 0 en 0.5;
3 1593 -1 en 0.5;
3 1607 14 2 0 tr 3 en 0.5;
3 1623 -1 en 0.5;
3 1646 23 2 1 1 2 tr 3 1 2 en 0.65;
3 1653 -1 en 0.65;
3 1683 29 0 tr en 0.67;
3 1683 -1 en 0.67;
3 1714 31 1 2 tr 3 en 0.57;
3 1725 -1 en 0.57;
3 1751 25 2 2 tr 3 en 0.83;
3 1761 -1 en 0.72;
3 1797 35 1 2 tr 4 en 0.65;
3 1797 -1 en 0.65;
3 1826 29 2 1 2 0 tr 1 1 1 en 0.47;
3 1839 -1 en 0.47;
3 1845 6 2 2 0 0 tr 3 0 4 en 0.46;
3 1869 -1 en 0.44;
3 1905 35 2 2 0 0 tr 3 3 4 en 0.28;
3 1905 -1 en 0.28;
3 1926 21 2 0 2 0 tr 3 0 0 en 0.29;
3 1935 -1 en 0.31;
3 1954 19 2 1 tr 1 en 0.27;
3 1959 -1 en 0.28;
3 1995 35 1 1 1 tr 0 0 en 0.5;
3 2001 -1 en 0.52;
3 2020 18 0 tr en 0.52;
3 2031 -1 en 0.54;
3 2066 35 1 2 1 1 tr 0 0 0 en 0.5;
3 2067 -1 en 0.5;
3 2073 6 0 tr en 0.5;
3 2079 -1 en 0.5;
3 2115 36 2 tr en 0.48;
3 2127 -1 en 0.44;
3 2175 47 0 1 tr 2 en 0.51;
3 2181 -1 en 0.54;
3 2207 25 1 2 0 2 tr 3 3 3 en 0.82;
3 2211 -1 en 0.68;
3 2230 19 0 0 1 tr 3 0 en 0.67;
3 2235 -1 en 0.62;
3 2254 19 0 0 2 tr 3 3 en 0.5;
3 2259 -1 en 0.55;
3 2261 2 1 1 1 2 tr 0 0 3 en 0.54;
3 2271 -1 en 0.54;
3 2284 13 1 2 0 tr 0 4 en 0.5;
3 2289 -1 en 0.52;
3 2325 35 1 1 2 0 tr 2 1 1 en 0.46;
3 2325 -1 en 0.46;
3 2350 25 2 tr en 0.5;
3 2361 -1 en 0.5;
3 2391 29 2 2 1 tr 3 1 en 0.48;
3 2391 -1 en 0.48;
3 2433 41 2 1 1 2 tr 0 1 0 en 0.49;
3 2433 -1 en 0.49;
3 2439 6 1 1 2 tr 1 3 en 0.49;
3 2445 -1 en 0.49;
3 2491 46 1 0 tr 3 en 0.4;
3 2493 -1 en 0.47;
3 2529 35 1 0 2 1 tr 0 3 0 en 0.59;
3 2529 -1 en 0.59;
3 2556 27 1 1 tr 0 en 0.54;
3 2571 -1 en 0.38;
3 2577 6 1 1 1 0 tr 0 0 0 en 0.38;
3 2589 -1 en 0.45;
3 2619 29 2 2 2 1 tr 3 2 1 en 0.46;
3 2619 -1 en 0.46;
3 2646 26 2 1 0 1 tr 2 1 0 en 0.43;
3 2649 -1 en 0.44;
3 2692 42 1 tr en 0.61;
3 2703 -1 en 0.61;
3 2739 36 2 0 2 0 tr 1 0 4 en 0.54;
3 2745 -1 en 0.54;
3 2766 20 1 2 2 tr 3 0 en 0.51;
3 2769 -1 en 0.5;
3 2785 16 2 1 0 tr 0 2 en 0.46;
3 2799 -1 en 0.49;
3 2805 6 2 1 0 tr 2 2 en 0.5;
3 2811 -1 en 0.37;
3 2834 22 1 2 2 tr 2 3 en 0.5;
3 2835 -1 en 0.52;
3 2852 17 1 1 tr 2 en 0.51;
3 2853 -1 en 0.54;
3 2882 29 1 2 tr 1 en 0.4;
3 2889 -1 en 0.29;
3 2907 17 1 0 tr 3 en 0.37;
3 2919 -1 en 0.4;
3 2920 1 1 0 0 tr 0 2 en 0.47;
3 2943 -1 en 0.63;
3 2949 6 2 0 0 tr 0 3 en 0.64;
3 2961 -1 en 0.56;
3 2992 31 1 tr en 0.49;
3 2997 -1 en 0.48;
3 2999 2 2 1 0 0 tr 0 4 4 en 0.28;
3 3015 -1 en 0.29;
3 3018 3 0 0 0 2 tr 1 2 0 en 0.54;
3 3039 -1 en 0.35;
3 3075 35 2 2 1 tr 1 1 en 0.36;
3 3075 -1 en 0.36;
3 3077 2 2 0 2 2 tr 1 2 4 en 0.28;
3 3081 -1 en 0.28;
3 3129 47 2 0 0 1 tr 0 1 1 en 0.38;
3 3129 -1 en 0.38;
3 3163 34 1 1 1 tr 3 3 en 0.48;
3 3171 -1 en 0.5;
3 3204 33 1 1 2 1 tr 0 4 1 en 0.58;
3 3219 -1 en 0.6;
3 3283 64 1 0 2 tr 0 2 en 0.35;
3 3285 -1 en 0.3;
3 3302 17 2 0 1 1 tr 2 2 0 en 0.4;
3 3309 -1 en 0.45;
3 3343 34 2 1 1 2 tr 3 0 4 en 0.34;
3 3351 -1 en 0.37;
3 3356 5 2 1 2 1 tr 3 3 4 en 0.37;
3 3375 -1 en 0.39;
3 3384 9 2 0 1 tr 3 1 en 0.43;
3 3399 -1 en 0.47;
3 3402 3 2 2 tr 0 en 0.38;
3 3417 -1 en 0.49;
3 3425 7 1 tr en 0.49;
3 3447 -1 en 0.5;
3 3489 41 1 1 tr 0 en 0.5;
3 3489 -1 en 0.5;
3 3531 41 0 0 tr 0 en 0.56;
3 3531 -1 en 0.56;
3 3539 8 1 0 2 tr 0 0 en 0.46;
3 3555 -1 en 0.52;
3 3609 53 1 1 0 tr 1 4 en 0.49;
3 3609 -1 en 0.49;
3 3624 15 1 2 tr 0 en 0.53;
3 3633 -1 en 0.56;
3 3656 23 0 0 1 tr 0 2 en 0.62;
3 3657 -1 en 0.63;
3 3690 33 2 1 0 1 tr 1 1 2 en 0.74;
3 3693 -1 en 0.72;
3 3700 7 1 tr en 0.65;
3 3705 -1 en 0.68;
3 3722 61 2 2 0 0 tr 3 2 4 en 0.66;
