0 0 -1 en 0;
0 9 10 2 2 tr 3 en 0.49;
0 39 -1 en 0.49;
0 66 26 2 tr en 0.39;
0 69 -1 en 0.43;
0 92 22 0 0 1 1 tr 3 4 4 en 0.48;
0 105 -1 en 0.5;
0 130 25 2 2 0 0 tr 4 2 2 en 0.47;
0 141 -1 en 0.45;
0 144 3 1 1 2 2 tr 3 4 2 en 0;
0 153 -1 en 0.42;
0 189 36 2 2 0 tr 1 0 en 0.63;
0 195 -1 en 0.58;
0 205 10 2 tr en 0.32;
0 225 -1 en 0.43;
0 263 38 1 tr en 0.41;
0 273 -1 en 0.47;
0 299 26 1 1 tr 0 en 0.42;
0 309 -1 en 0;
0 350 40 1 1 1 0 tr 0 2 4 en 0.46;
0 357 -1 en 0.51;
0 367 10 2 2 1 0 tr 1 1 1 en 0.79;
0 369 -1 en 0.53;
0 417 47 2 2 2 0 tr 4 0 3 en 0.48;
0 417 -1 en 0.48;
0 440 23 2 0 0 tr 2 0 en 0.45;
0 441 -1 en 0.17;
0 455 14 2 1 0 0 tr 3 1 2 en 0.51;
0 477 -1 en 0.54;
0 482 5 1 1 tr 0 en 0.55;
0 495 -1 en 0.51;
0 520 24 1 0 2 tr 3 3 en 0.48;
0 525 -1 en 0.46;
0 544 19 1 1 0 tr 0 0 en 0.41;
0 555 -1 en 0.41;
0 580 24 0 1 tr 3 en 0.35;
0 585 -1 en 0.45;
0 589 4 1 1 tr 2 en 0.43;
0 597 -1 en 0.6;
0 613 15 1 1 0 2 tr 1 3 2 en 0.67;
0 627 -1 en 0.45;
0 642 15 0 1 2 2 tr 1 2 2 en 0.43;
0 657 -1 en 0.41;
0 662 5 0 tr en 0.88;
0 687 -1 en 0.3;
0 718 31 2 0 1 2 tr 3 1 2 en 0.39;
0 723 -1 en 0.61;
0 744 21 2 tr en 0.56;
0 765 -1 en 0.55;
0 795 29 0 0 1 2 tr 4 0 1 en 0.38;
0 795 -1 en 0.38;
0 811 15 1 1 1 tr 0 1 en 0.46;
0 813 -1 en 0.47;
0 823 10 2 1 1 2 tr 3 4 0 en 0.44;
0 837 -1 en 0.38;
0 879 41 1 0 tr 1 en 0.45;
0 879 -1 en 0.45;
0 927 48 2 2 tr 2 en 0.68;
0 933 -1 en 0.41;
0 953 20 2 2 tr 2 en 0.6;
0 957 -1 en 0.75;
0 961 4 2 2 2 tr 3 2 en 0.74;
0 969 -1 en 0.6;
0 994 25 2 0 0 0 tr 0 1 2 en 0.67;
0 999 -1 en 0.61;
0 1044 45 2 2 2 tr 0 1 en 0.9;
0 1059 -1 en 0.54;
0 1091 31 0 tr en 0.53;
0 1101 -1 en 0.54;
0 1123 22 0 tr en 0.64;
0 1125 -1 en 0.74;
0 1134 9 0 tr en 0.71;
0 1143 -1 en 0.49;
0 1176 33 1 1 1 2 tr 0 1 2 en 0.4;
0 1185 -1 en 0.32;
0 1189 4 0 tr en 0.36;
0 1197 -1 en 0.4;
0 1199 2 1 1 tr 0 en 0.38;
0 1215 -1 en 0.39;
0 1218 3 2 tr en 0.44;
0 1233 -1 en 0.31;
0 1247 14 2 1 1 2 tr 3 4 1 en 0.44;
0 1251 -1 en 0.45;
0 1273 22 2 2 1 tr 2 2 en 0.43;
0 1275 -1 en 0.46;
0 1290 15 2 1 2 tr 0 1 en 0.5;
0 1311 -1 en 0.52;
0 1345 34 2 1 2 1 tr 4 4 4 en 0.38;
0 1347 -1 en 0.5;
0 1410 62 1 0 tr 0 en 0.66;
0 1419 -1 en 0.46;
0 1440 20 1 1 0 1 tr 0 2 2 en 0.87;
0 1443 -1 en 0.59;
0 1492 48 2 0 2 2 tr 2 2 1 en 0.55;
0 1503 -1 en 0.54;
0 1536 32 2 2 2 0 tr 0 1 2 en 0.52;
0 1539 -1 en 0.49;
0 1565 26 1 1 0 tr 0 3 en 0.75;
0 1569 -1 en 0.46;
0 1579 10 2 0 tr 3 en 0.44;
0 1599 -1 en 0.41;
0 1613 13 2 1 1 tr 3 3 en 0.48;
0 1629 -1 en 0.48;
0 1652 23 2 tr en 0.73;
0 1659 -1 en 0.76;
0 1694 35 2 1 1 2 tr 3 0 0 en 0.6;
0 1701 -1 en 0.58;
0 1703 2 0 0 1 tr 0 2 en 0.46;
0 1719 -1 en 0.55;
0 1735 16 0 tr en 0.49;
0 1743 -1 en 0.8;
0 1776 33 2 2 2 2 tr 2 3 2 en 0.28;
0 1785 -1 en 0.21;
0 1803 18 0 0 2 2 tr 2 2 1 en 0.26;
0 1809 -1 en 0.3;
0 1811 2 1 tr en 0.29;
0 1821 -1 en 0.35;
0 1835 14 2 2 2 tr 4 4 en 0.38;
0 1845 -1 en 0.45;
0 1870 24 2 2 2 2 tr 3 2 4 en 0.46;
0 1881 -1 en 0.48;
0 1881 0 2 1 1 2 tr 2 4 0 en 0.55;
0 1893 -1 en 0;
0 1918 25 2 1 0 0 tr 3 3 1 en 0.41;
0 1923 -1 en 0.79;
0 1966 43 1 tr en 0.37;
0 1971 -1 en 0.38;
0 1974 3 1 tr en 0.37;
0 1977 -1 en 0.38;
0 2010 33 1 1 tr 0 en 0.4;
0 2013 -1 en 0.51;
0 2025 12 0 0 tr 3 en 0.56;
0 2043 -1 en 0.11;
0 2073 29 0 1 1 0 tr 4 1 4 en 0.5;
0 2073 -1 en 0.5;
0 2081 8 0 tr en 0.46;
0 2085 -1 en 0.55;
0 2092 7 1 tr en 0.55;
0 2097 -1 en 0.55;
0 2110 13 0 1 0 tr 3 3 en 0.26;
0 2121 -1 en 0.53;
0 2134 13 0 1 1 1 tr 3 4 3 en 0.53;
0 2145 -1 en 0.53;
0 2157 12 2 2 2 tr 3 4 en 0.64;
0 2169 -1 en 0.18;
0 2214 45 1 2 0 2 tr 2 4 3 en 0.45;
0 2217 -1 en 0.52;
0 2234 17 0 0 2 1 tr 3 3 2 en 0.51;
0 2241 -1 en 0.49;
0 2249 8 0 0 1 tr 0 3 en 0.49;
0 2253 -1 en 0.5;
0 2299 45 2 tr en 0.54;
0 2301 -1 en 0.54;
0 2304 3 2 0 1 2 tr 3 4 4 en 0.54;
0 2313 -1 en 0.72;
0 2343 29 2 0 1 2 tr 2 3 2 en 0.56;
0 2343 -1 en 0.56;
0 2347 4 1 2 0 1 tr 0 1 3 en 0.56;
0 2355 -1 en 0.48;
0 2385 29 2 1 2 1 tr 3 1 1 en 0.48;
0 2385 -1 en 0.48;
0 2414 28 2 2 0 0 tr 0 0 2 en 0.42;
0 2421 -1 en 0.49;
0 2449 28 0 1 0 2 tr 0 0 1 en 0.51;
0 2457 -1 en 0.58;
0 2471 14 1 1 1 0 tr 0 0 1 en 0.52;
0 2481 -1 en 0.5;
0 2496 14 1 2 0 tr 0 3 en 0.5;
0 2499 -1 en 0.49;
0 2501 2 2 tr en 0.51;
0 2505 -1 en 0.5;
0 2539 34 2 2 0 tr 0 1 en 0.8;
0 2541 -1 en 0.71;
0 2546 5 1 2 0 tr 0 1 en 0.63;
0 2559 -1 en 0.19;
0 2560 1 1 2 tr 2 en 0.5;
0 2577 -1 en 0.38;
0 2583 6 1 1 2 0 tr 1 2 3 en 0.39;
0 2601 -1 en 0.32;
0 2628 27 2 1 2 0 tr 3 4 0 en 0.35;
0 2631 -1 en 0.38;
0 2650 19 2 0 2 tr 3 4 en 0.35;
0 2661 -1 en 0.38;
0 2682 21 1 1 0 0 tr 2 2 2 en 0.3;
0 2697 -1 en 0.47;
0 2699 2 2 1 1 0 tr 3 3 0 en 0.53;
0 2709 -1 en 0.5;
0 2726 17 2 0 1 0 tr 3 3 2 en 0.35;
0 2733 -1 en 0.47;
0 2749 16 2 1 0 1 tr 3 4 1 en 0.45;
0 2751 -1 en 0.48;
0 2785 34 2 1 1 2 tr 2 3 1 en 0.48;
0 2793 -1 en 0.56;
0 2821 28 2 0 tr 3 en 0.04;
0 2829 -1 en 0.59;
0 2857 27 1 0 0 2 tr 1 2 0 en 0.43;
0 2859 -1 en 0.47;
0 2872 13 1 1 2 tr 0 1 en 0.65;
0 2877 -1 en 0.48;
0 2902 25 1 1 2 tr 0 1 en 0.84;
0 2907 -1 en 0.58;
0 2915 7 0 1 1 tr 0 3 en 0.5;
0 2931 -1 en 0.55;
0 2967 36 1 1 1 tr 0 4 en 0.48;
0 2979 -1 en 0.42;
0 2998 19 0 2 1 1 tr 0 0 1 en 0.25;
0 3009 -1 en 0;
0 3015 6 2 tr en 0;
0 3021 -1 en 0.39;
0 3047 25 1 2 2 1 tr 1 2 4 en 0.78;
0 3063 -1 en 0.14;
0 3100 37 0 0 0 tr 3 3 en 0.3;
0 3105 -1 en 0.3;
0 3133 27 1 1 1 2 tr 3 3 1 en 0.33;
0 3147 -1 en 0.36;
0 3178 30 1 2 tr 1 en 0.43;
0 3183 -1 en 0.44;
0 3203 20 1 tr en 0.52;
0 3207 -1 en 0.5;
0 3231 23 0 tr en 0.18;
0 3237 -1 en 0.27;
0 3240 3 0 0 tr 0 en 0.32;
0 3249 -1 en 0.28;
0 3254 5 1 1 0 tr 0 0 en 0.32;
0 3255 -1 en 0.38;
0 3291 35 2 0 0 tr 3 3 en 0.38;
0 3297 -1 en 0.26;
0 3327 29 2 1 0 1 tr 3 0 3 en 0.51;
0 3327 -1 en 0.51;
0 3336 9 2 1 0 tr 1 1 en 0.47;
0 3345 -1 en 0.36;
0 3354 9 2 1 0 tr 3 3 en 0.57;
0 3369 -1 en 0.56;
0 3383 14 2 2 1 2 tr 3 2 2 en 0.46;
0 3393 -1 en 0.52;
0 3416 23 1 2 0 tr 1 3 en 0.58;
0 3429 -1 en 0.53;
0 3437 8 1 1 0 tr 3 3 en 0.27;
0 3453 -1 en 0.42;
0 3482 29 0 1 tr 2 en 0.61;
0 3483 -1 en 0.59;
0 3514 31 0 2 0 tr 0 1 en 0.64;
0 3519 -1 en 0.63;
0 3535 16 2 tr en 0.67;
0 3543 -1 en 0.62;
0 3596 53 1 2 2 0 tr 1 3 4 en 0.58;
0 3603 -1 en 0.51;
0 3617 13 0 1 2 2 tr 0 0 0 en 0.44;
0 3627 -1 en 0.54;
0 3631 4 0 1 tr 0 en 0.53;
0 3645 -1 en 0.46;
0 3699 53 2 tr en 0.49;
0 3699 -1 en 0.49;
0 3720 20 2 1 1 tr 2 3 en 0.5;
