2 15 -1 en 0.41;
2 25 10 2 0 0 2 tr 3 4 4 en 0.31;
2 52 -1 en 0.32;
2 64 11 2 2 0 tr 3 4 en 0.16;
2 82 -1 en 0.19;
2 83 1 1 2 2 0 tr 3 0 3 en 0.2;
2 112 -1 en 0.28;
2 117 5 1 0 tr 3 en 0.29;
2 142 -1 en 0.14;
2 151 9 1 2 2 1 tr 0 0 2 en 0.16;
2 178 -1 en 0.42;
2 179 1 2 2 tr 3 en 0.34;
2 208 -1 en 0.61;
2 209 1 1 2 tr 2 en 0.5;
2 238 -1 en 0.52;
2 239 1 1 2 tr 0 en 0.48;
2 262 -1 en 0.49;
2 263 1 2 2 tr 2 en 0.49;
2 292 -1 en 0.49;
2 296 4 1 1 1 2 tr 1 1 2 en 0.49;
2 316 -1 en 0.49;
2 319 3 1 1 tr 3 en 0.49;
2 346 -1 en 0.49;
2 359 13 1 1 2 tr 3 4 en 0.49;
2 382 -1 en 0.48;
2 392 10 1 1 tr 3 en 0.48;
2 412 -1 en 0.48;
2 414 2 1 1 tr 3 en 0.48;
2 442 -1 en 0.38;
2 443 1 2 2 0 tr 0 0 en 0.3;
2 472 -1 en 0.47;
2 479 7 1 1 1 2 tr 3 2 3 en 0.59;
2 508 -1 en 0.46;
2 509 1 2 1 1 1 tr 0 3 2 en 0.56;
2 538 -1 en 0.51;
2 544 6 0 tr en 0.7;
2 562 -1 en 0.49;
2 575 13 1 0 tr 3 en 0.49;
2 592 -1 en 0.37;
2 593 1 1 0 2 0 tr 3 4 1 en 0.37;
2 622 -1 en 0.54;
2 624 2 2 2 2 tr 2 4 en 0.5;
2 652 -1 en 0.84;
2 653 1 2 0 0 2 tr 3 2 2 en 0.93;
2 682 -1 en 0.98;
2 693 11 2 2 1 tr 3 3 en 0.76;
2 718 -1 en 0.64;
2 732 14 1 2 1 tr 3 2 en 0.86;
2 760 -1 en 0.66;
2 769 9 2 1 1 tr 0 0 en 0.72;
2 796 -1 en 0.57;
2 803 7 1 2 2 0 tr 4 3 0 en 0.57;
2 832 -1 en 0.74;
2 845 13 1 0 tr 1 en 0.7;
2 868 -1 en 0.6;
2 878 10 2 tr en 0.27;
2 898 -1 en 0.41;
2 909 11 2 tr en 0.58;
2 934 -1 en 0.5;
2 941 7 1 2 2 tr 2 2 en 0.5;
2 964 -1 en 0.45;
2 967 3 2 0 1 0 tr 2 4 4 en 0.48;
2 994 -1 en 0.49;
2 1001 7 2 2 1 0 tr 3 3 1 en 0.48;
2 1024 -1 en 0.49;
2 1031 6 1 1 2 0 tr 2 2 4 en 0.49;
2 1054 -1 en 0.47;
2 1058 4 0 0 0 tr 0 1 en 0.11;
2 1084 -1 en 0.58;
2 1095 10 2 1 1 0 tr 2 3 1 en 0.6;
2 1120 -1 en 0.51;
2 1121 1 2 2 0 0 tr 2 4 4 en 0.51;
2 1144 -1 en 0.52;
2 1146 2 2 1 0 0 tr 1 1 4 en 0.53;
2 1168 -1 en 0.53;
2 1183 15 2 2 2 1 tr 0 3 4 en 0.39;
2 1210 -1 en 0.84;
2 1211 1 0 0 tr 3 en 0.93;
2 1234 -1 en 0.95;
2 1243 9 1 0 2 tr 2 0 en 0.89;
2 1264 -1 en 0.92;
2 1272 8 1 1 tr 0 en 0.72;
2 1294 -1 en 0.76;
2 1301 6 2 0 2 1 tr 4 4 0 en 0.86;
2 1324 -1 en 0.94;
2 1335 11 2 2 0 0 tr 1 4 2 en 1.03;
2 1360 -1 en 0.96;
2 1364 4 1 2 1 tr 0 0 en 0.93;
2 1390 -1 en 0.74;
2 1394 4 0 tr en 0.73;
