4 31 -1 en 0.33;
4 79 47 1 2 2 0 tr 2 3 3 en 0.42;
4 81 -1 en 0.43;
4 90 9 2 tr en 0.44;
4 99 -1 en 0.43;
4 103 4 1 1 2 2 tr 0 2 0 en 0.43;
4 123 -1 en 0.44;
4 149 26 0 0 0 0 tr 0 1 2 en 0.5;
4 159 -1 en 0.54;
4 194 35 0 tr en 0.64;
4 213 -1 en 0.55;
4 236 23 1 tr en 0.52;
4 243 -1 en 0.52;
4 262 19 0 tr en 0.62;
4 267 -1 en 0.72;
4 270 3 1 1 tr 2 en 0.6;
4 285 -1 en 0.66;
4 321 35 2 0 0 0 tr 2 3 3 en 0.49;
4 321 -1 en 0.49;
4 336 15 1 1 tr 3 en 0.35;
4 345 -1 en 0.4;
4 367 22 1 0 tr 0 en 0.22;
4 375 -1 en 0.39;
4 386 11 1 1 tr 1 en 0.39;
4 393 -1 en 0.45;
4 449 56 2 1 1 0 tr 3 4 4 en 0.47;
4 459 -1 en 0.5;
4 465 6 0 2 1 0 tr 0 1 1 en 0.49;
4 483 -1 en 0.49;
4 497 14 1 1 1 tr 2 1 en 0.52;
4 507 -1 en 0.7;
4 530 22 1 1 0 2 tr 0 0 0 en 0.7;
4 537 -1 en 0.71;
4 573 35 1 2 2 0 tr 3 3 3 en 0.64;
4 573 -1 en 0.64;
4 596 23 1 1 tr 3 en 0.48;
4 615 -1 en 0.56;
4 661 46 1 1 1 0 tr 2 2 2 en 0.84;
4 681 -1 en 0.6;
4 717 35 2 0 0 tr 3 1 en 0.45;
4 717 -1 en 0.45;
4 743 26 2 tr en 0.37;
4 759 -1 en 0.39;
4 761 2 2 1 0 tr 3 3 en 0.39;
4 783 -1 en 0.49;
4 801 18 0 0 1 tr 0 3 en 0.52;
4 807 -1 en 0.55;
4 819 12 0 0 tr 0 en 0.56;
4 831 -1 en 0.65;
4 846 14 1 1 0 2 tr 3 3 1 en 0.67;
4 861 -1 en 0.59;
4 891 29 2 0 1 2 tr 1 4 0 en 0.77;
4 891 -1 en 0.77;
4 898 6 1 2 2 0 tr 3 0 0 en 0.46;
4 909 -1 en 0.46;
4 926 17 2 0 1 2 tr 1 1 1 en 0.47;
4 927 -1 en 0.74;
4 949 22 0 0 2 2 tr 4 2 3 en 0.41;
4 951 -1 en 0.41;
4 993 41 2 1 1 2 tr 2 2 3 en 0.41;
4 993 -1 en 0.41;
4 1009 16 2 2 0 2 tr 3 1 1 en 0.25;
4 1011 -1 en 0.4;
4 1016 5 2 2 2 2 tr 3 0 2 en 0.4;
4 1023 -1 en 0.41;
4 1035 12 1 2 2 2 tr 3 4 4 en 0.5;
4 1041 -1 en 0.6;
4 1077 35 2 1 0 0 tr 1 4 2 en 0.26;
4 1077 -1 en 0.26;
4 1084 7 0 1 tr 3 en 0.27;
4 1089 -1 en 0.27;
4 1131 41 0 tr en 0.34;
4 1131 -1 en 0.34;
4 1155 24 0 0 tr 0 en 0.63;
4 1161 -1 en 0.69;
4 1177 16 2 2 0 tr 3 0 en 0.47;
4 1191 -1 en 0.47;
4 1209 18 1 1 2 tr 3 3 en 0.44;
4 1221 -1 en 0.45;
4 1257 35 1 1 tr 0 en 0.43;
4 1257 -1 en 0.43;
4 1282 25 1 tr en 0.38;
4 1287 -1 en 0.41;
4 1299 12 1 2 1 0 tr 3 4 0 en 0.47;
4 1317 -1 en 0.47;
4 1331 14 2 2 2 2 tr 2 0 0 en 0.53;
4 1335 -1 en 0.53;
4 1346 11 2 2 0 1 tr 3 4 4 en 0.52;
4 1353 -1 en 0.46;
4 1361 8 2 0 0 0 tr 3 3 3 en 0.55;
4 1365 -1 en 0.67;
4 1381 16 2 0 1 tr 3 3 en 0.71;
4 1383 -1 en 0.52;
4 1388 5 2 tr en 0.68;
4 1401 -1 en 0.38;
4 1455 53 1 1 tr 1 en 0.39;
4 1455 -1 en 0.39;
4 1458 3 2 2 1 tr 1 4 en 0.42;
4 1461 -1 en 0.42;
4 1466 5 1 2 2 tr 1 3 en 0.42;
4 1467 -1 en 0.42;
4 1491 24 2 1 1 0 tr 3 4 2 en 0.42;
4 1497 -1 en 0.51;
4 1508 11 2 1 0 tr 2 2 en 0.48;
4 1521 -1 en 0.5;
4 1551 29 0 2 tr 0 en 0.5;
4 1551 -1 en 0.5;
4 1567 16 1 1 tr 0 en 0.77;
4 1581 -1 en 0.62;
4 1592 10 1 1 2 tr 3 3 en 0.49;
4 1605 -1 en 0.76;
4 1620 14 2 tr en 0.5;
4 1635 -1 en 0.44;
4 1655 20 1 2 2 2 tr 3 1 1 en 0.29;
4 1665 -1 en 0.26;
4 1691 26 1 0 tr 0 en 0.39;
4 1695 -1 en 0.42;
4 1702 7 0 tr en 0.42;
4 1713 -1 en 0.43;
4 1744 30 2 2 2 tr 2 3 en 0.42;
4 1755 -1 en 0.5;
4 1791 35 0 0 0 tr 0 2 en 0.5;
4 1791 -1 en 0.5;
4 1808 17 2 1 1 2 tr 4 4 3 en 0.51;
4 1815 -1 en 0.48;
4 1835 20 0 0 0 tr 0 0 en 0.48;
4 1851 -1 en 0.51;
4 1869 18 2 0 2 1 tr 4 3 2 en 0.53;
4 1875 -1 en 0.49;
4 1908 32 2 1 1 2 tr 3 1 0 en 0.48;
4 1911 -1 en 0.48;
4 1953 41 2 0 1 0 tr 1 1 1 en 0.66;
4 1953 -1 en 0.66;
4 1980 27 1 2 tr 0 en 0.52;
4 1983 -1 en 0.52;
4 2012 29 1 tr en 0.48;
4 2019 -1 en 0.48;
4 2032 13 1 tr en 0.4;
4 2049 -1 en 0.51;
4 2105 56 2 tr en 0.62;
4 2115 -1 en 0.37;
4 2138 23 0 tr en 0.63;
4 2157 -1 en 0.54;
4 2189 32 2 1 1 tr 2 1 en 0.22;
4 2193 -1 en 0.44;
4 2201 8 1 1 1 0 tr 0 4 0 en 0.44;
4 2205 -1 en 0.29;
4 2247 41 0 tr en 0.48;
4 2247 -1 en 0.48;
4 2276 29 0 2 2 1 tr 3 3 3 en 0.26;
4 2283 -1 en 0.38;
4 2311 28 2 1 1 tr 2 4 en 0.42;
4 2319 -1 en 0.42;
4 2359 40 2 1 tr 3 en 0.48;
4 2373 -1 en 0.5;
4 2406 32 2 1 1 tr 0 1 en 0.52;
4 2409 -1 en 0.51;
4 2412 3 0 2 1 tr 2 3 en 0.52;
4 2415 -1 en 0.5;
4 2443 27 1 1 tr 0 en 0.48;
4 2451 -1 en 0.48;
4 2454 3 1 tr en 0.51;
4 2463 -1 en 0.56;
4 2511 47 1 1 0 tr 2 0 en 0.29;
4 2511 -1 en 0.29;
4 2543 31 2 tr en 0.33;
4 2547 -1 en 0.35;
4 2552 5 1 1 tr 0 en 0.36;
4 2565 -1 en 0.48;
4 2595 29 2 1 tr 3 en 0.65;
4 2607 -1 en 0.65;
4 2637 29 2 1 0 0 tr 3 3 3 en 0.65;
4 2637 -1 en 0.65;
4 2663 26 2 2 1 1 tr 3 1 3 en 0.53;
4 2673 -1 en 0.6;
4 2677 4 2 1 1 0 tr 3 1 2 en 0.6;
4 2685 -1 en 0.53;
4 2711 25 2 0 2 0 tr 1 4 0 en 0.5;
4 2721 -1 en 0.5;
4 2772 50 2 0 1 tr 0 0 en 0.53;
4 2781 -1 en 0.53;
4 2811 30 2 0 2 1 tr 3 4 4 en 0.51;
4 2823 -1 en 0.31;
4 2846 23 1 1 2 0 tr 2 4 3 en 0.53;
4 2847 -1 en 0.65;
4 2877 30 1 1 0 tr 1 2 en 0.46;
4 2883 -1 en 0.46;
4 2925 42 1 2 0 tr 2 3 en 0.49;
4 2949 -1 en 0.51;
4 2953 4 1 2 0 2 tr 0 2 1 en 0.5;
4 2967 -1 en 0.57;
4 2970 3 0 tr en 0.54;
4 2985 -1 en 0.55;
4 3024 39 1 tr en 0.58;
4 3045 -1 en 0.56;
4 3047 2 2 2 tr 3 en 0.41;
4 3057 -1 en 0.41;
4 3080 23 2 1 0 1 tr 3 4 2 en 0.69;
4 3087 -1 en 0.67;
4 3090 3 1 1 1 0 tr 1 2 2 en 0.67;
4 3093 -1 en 0.66;
4 3119 26 2 tr en 0.58;
4 3123 -1 en 0.58;
4 3142 19 0 0 0 2 tr 0 2 3 en 0.52;
4 3153 -1 en 0.5;
4 3169 15 2 1 0 tr 0 0 en 0.45;
4 3177 -1 en 0.44;
4 3183 6 1 1 1 tr 2 0 en 0.42;
4 3189 -1 en 0.41;
4 3191 2 0 0 1 1 tr 3 0 1 en 0.41;
4 3195 -1 en 0.4;
4 3204 8 1 0 2 2 tr 2 1 4 en 0.38;
4 3213 -1 en 0.36;
4 3273 59 0 tr en 0.6;
4 3273 -1 en 0.6;
4 3274 1 2 1 0 2 tr 1 2 0 en 0.6;
4 3279 -1 en 0.6;
4 3307 28 2 0 1 tr 0 3 en 0.57;
4 3315 -1 en 0.5;
4 3333 17 2 0 2 2 tr 1 1 4 en 0.5;
4 3339 -1 en 0.46;
4 3354 15 2 1 0 0 tr 3 1 2 en 0.41;
4 3363 -1 en 0.48;
4 3383 19 2 1 2 tr 3 4 en 0.51;
4 3387 -1 en 0.5;
4 3394 7 2 2 0 0 tr 0 0 3 en 0.54;
4 3411 -1 en 0.65;
4 3414 3 0 0 2 2 tr 0 0 0 en 0.65;
4 3423 -1 en 0.72;
4 3446 23 0 1 2 tr 0 4 en 0.62;
4 3465 -1 en 0.58;
4 3495 29 1 2 tr 0 en 0.57;
4 3495 -1 en 0.57;
4 3502 7 1 tr en 0.51;
4 3507 -1 en 0.47;
4 3534 27 1 1 1 tr 0 1 en 0.49;
4 3537 -1 en 0.48;
4 3547 10 0 0 tr 0 en 0.48;
4 3567 -1 en 0.49;
4 3581 13 1 1 tr 2 en 0.48;
4 3585 -1 en 0.5;
4 3596 11 0 tr en 0.49;
4 3597 -1 en 0.49;
4 3611 13 0 tr en 0.48;
4 3615 -1 en 0.48;
4 3638 23 1 1 tr 0 en 0.45;
4 3651 -1 en 0.39;
4 3663 12 0 1 0 2 tr 3 4 4 en 0.3;
4 3669 -1 en 0.3;
4 3674 5 0 tr en 0.26;
4 3675 -1 en 0.3;
4 3712 37 0 0 0 1 tr 1 1 4 en 0.28;
4 3717 -1 en 0.28;
4 3722 14 2 2 1 1 tr 0 3 3 en 0.32;
