0.271027
0.273364
0.2757
0.278037
0.280373
0.28271
0.285046
0.287383
0.289719
0.292055
0.294392
0.296728
0.299065
0.300233
0.301401
0.30257
0.303738
0.304906
0.306074
0.307242
0.308411
0.309579
0.310747
0.311915
0.313084
0.314252
0.31542
0.316588
0.317757
0.318049
0.318341
0.318633
0.318925
0.319217
0.319509
0.319801
0.320093
0.320385
0.320677
0.320969
0.321261
0.321553
0.321845
0.322137
0.322429
0.322429
0.322429
0.322429
0.322429
0.322429
0.322429
0.322429
0.322429
0.322429
0.322429
0.322429
0.322429
0.322429
0.322429
0.322429
0.322429
0.322429
0.321261
0.320093
0.318925
0.317756
0.316588
0.31542
0.314252
0.313084
0.311039
0.308995
0.30695
0.304906
0.302862
0.300817
0.298773
0.296728
0.294684
0.29264
0.290595
0.288551
0.286506
0.284462
0.282418
0.280373
0.278593
0.276813
0.275033
0.273253
0.271472
0.269692
0.267912
0.266132
0.264352
0.262572
0.260792
0.259011
0.257231
0.255451
0.253671
0.251891
0.250111
0.24833
0.24655
0.24477
0.24299
0.241238
0.239485
0.237733
0.235981
0.234228
0.232476
0.230724
0.228971
0.227219
0.225467
0.223714
0.221962
0.22021
0.218457
0.216705
0.214953
0.214077
0.2132
0.212324
0.211448
0.210572
0.209696
0.208819
0.207943
0.207067
0.206191
0.205315
0.204439
0.203562
0.202686
0.20181
0.200934
0.200659
0.200384
0.200109
0.199834
0.19956
0.199285
0.19901
0.198735
0.19846
0.198185
0.19791
0.197635
0.197361
0.197086
0.196811
0.196536
0.196261
0.196544
0.196827
0.19711
0.197394
0.197677
0.19796
0.198243
0.198526
0.19881
0.199093
0.199376
0.199659
0.199943
0.200226
0.200509
0.200792
0.201075
0.201359
0.201642
0.201925
0.202208
0.202491
0.202775
0.203058
0.203341
0.203624
0.203908
0.204191
0.204474
0.204757
0.20504
0.205324
0.205607
0.206541
0.207476
0.208411
0.209345
0.21028
0.211214
0.212149
0.213083
0.214018
0.214953
0.215887
0.216822
0.217756
0.218691
0.219626
0.22056
0.221495
0.222429
0.223364
0.224299
0.224641
0.224983
0.225324
0.225666
0.226008
0.22635
0.226692
0.227034
0.227376
0.227718
0.22806
0.228402
0.228744
0.229085
0.229427
0.229769
0.230111
0.230453
0.230795
0.231137
0.231479
0.231821
0.232163
0.232505
0.232846
0.233188
0.23353
0.233872
0.234214
0.234556
0.234898
0.23524
0.235582
0.235924
0.236266
0.236608
0.236949
0.237291
0.237633
0.237975
0.238317
0.238317
0.238317
0.238317
0.238317
0.238317
0.238317
0.238317
0.238317
0.238317
0.238317
0.238317
0.238317
0.238317
0.238317
0.238317
0.238317
0.238317
0.238317
0.238317
0.238317
0.238317
0.238317
0.238317
0.238317
0.238317
0.238317
0.238317
0.238317
0.238317
0.238317
0.238317
0.238317
0.238317
0.238171
0.238025
0.237879
0.237733
0.237587
0.237441
0.237295
0.237149
0.237003
0.236857
0.236711
0.236565
0.236419
0.236273
0.236127
0.235981
0.235835
0.235689
0.235543
0.235397
0.235251
0.235105
0.234959
0.234813
0.234666
0.23452
0.234374
0.234228
0.234082
0.233936
0.23379
0.233644
0.232336
0.231027
0.229719
0.228411
0.227102
0.225794
0.224485
0.223177
0.221869
0.22056
0.219252
0.217943
0.216635
0.215326
0.214018
0.21271
0.211401
0.210093
0.208784
0.207476
0.206168
0.204859
0.203551
0.202242
0.200934
0.199806
0.198678
0.19755
0.196422
0.195294
0.194166
0.193038
0.191911
0.190783
0.189655
0.188527
0.187399
0.186271
0.185143
0.184015
0.182887
0.181759
0.180631
0.179503
0.178375
0.177247
0.176119
0.174991
0.173863
0.172735
0.171607
0.170479
0.169352
0.168224
0.167055
0.165887
0.164719
0.163551
0.162382
0.161214
0.160046
0.158878
0.15771
0.156541
0.155373
0.154205
0.153037
0.151868
0.1507
0.149532
0.148364
0.147196
0.146027
0.144859
0.143691
0.142523
0.141354
0.140186
0.139467
0.138748
0.13803
0.137311
0.136592
0.135873
0.135154
0.134435
0.133716
0.132997
0.132278
0.131559
0.13084
0.13084
0.13084
0.13084
0.13084
0.13084
0.13084
0.13084
0.13084
0.13084
0.13084
0.13084
0.13084
0.13084
0.13084
0.13084
0.13084
0.133177
0.135513
0.13785
0.140186
0.142523
0.144859
0.147196
0.149532
0.152453
0.155373
0.158294
0.161214
0.164135
0.167055
0.169976
0.172897
0.175817
0.178738
0.181658
0.184579
0.187499
0.19042
0.19334
0.196261
0.198777
0.201293
0.20381
0.206326
0.208842
0.211358
0.213874
0.21639
0.218907
0.221423
0.223939
0.226455
0.228971
0.230724
0.232476
0.234228
0.235981
0.237733
0.239485
0.241238
0.24299
0.244742
0.246495
0.248247
0.249999
0.251752
0.253504
0.255256
0.257009
0.258177
0.259345
0.260513
0.261682
0.26285
0.264018
0.265186
0.266355
0.267523
0.268691
0.269859
0.271027
0.271387
0.271746
0.272106
0.272465
0.272825
0.273184
0.273544
0.273903
0.274262
0.274622
0.274981
0.275341
0.2757
0.2757
0.2757
0.2757
0.2757
0.2757
0.2757
0.2757
0.2757
0.2757
0.2757
0.2757
0.2757
0.2757
0.2757
0.2757
0.2757
0.2757
0.2757
0.2757
0.2757
0.2757
0.2757
0.2757
0.2757
0.2757
0.2757
0.2757
0.2757
0.276074
0.276448
0.276822
0.277196
0.27757
0.277943
0.278317
0.278691
0.279065
0.279439
0.279812
0.280186
0.28056
0.280934
0.281308
0.281682
0.282055
0.282429
0.282803
0.283177
0.283551
0.283925
0.284298
0.284672
0.285046
0.287383
0.289719
0.292055
0.294392
0.296728
0.299065
0.301401
0.303738
0.306074
0.308411
0.310747
0.313084
0.31542
0.317756
0.320093
0.322429
0.325453
0.328476
0.3315
0.334524
0.337547
0.340571
0.343595
0.346618
0.349642
0.352666
0.355689
0.358713
0.361737
0.36476
0.367784
0.370808
0.373831
0.376946
0.380062
0.383177
0.386292
0.389407
0.392523
0.395638
0.398753
0.401869
0.404984
0.408099
0.411214
0.415303
0.419392
0.423481
0.42757
0.431658
0.435747
0.439836
0.443925
0.445483
0.44704
0.448598
0.450155
0.451713
0.453271
0.454828
0.456386
0.457944
0.459501
0.461059
0.462616
0.462616
0.462616
0.462616
0.462616
0.462616
0.462616
0.462616
0.462616
0.462616
0.462616
0.462616
0.462616
0.462617
0.461949
0.461282
0.460614
0.459947
0.459279
0.458611
0.457944
0.457276
0.456609
0.455941
0.455274
0.454606
0.453938
0.453271
0.452603
0.451936
0.451268
0.450601
0.449933
0.449265
0.448598
0.44793
0.447263
0.446595
0.445928
0.44526
0.444592
0.443925
0.44255
0.441176
0.439802
0.438427
0.437053
0.435678
0.434304
0.43293
0.431555
0.430181
0.428807
0.427432
0.426058
0.424683
0.423309
0.421935
0.42056
0.419976
0.419392
0.418808
0.418224
0.417639
0.417055
0.416471
0.415887
0.415303
0.414719
0.414135
0.413551
0.412967
0.412383
0.411798
0.411214
0.41063
0.410046
0.409462
0.408878
0.408294
0.40771
0.407126
0.406542
0.405823
0.405104
0.404385
0.403666
0.402947
0.402228
0.401509
0.40079
0.400071
0.399353
0.398634
0.397915
0.397196
0.397196
0.397196
0.397196
0.397196
0.403037
0.408878
0.414719
0.523364
0.523656
0.523948
0.52424
0.524532
0.524824
0.525116
0.525408
0.5257
0.525993
0.526285
0.526577
0.526869
0.527161
0.527453
0.527745
0.528037
0.527876
0.527715
0.527554
0.527393
0.527231
0.52707
0.526909
0.526748
0.526587
0.526426
0.526265
0.526103
0.525942
0.525781
0.52562
0.525459
0.525298
0.525137
0.524975
0.524814
0.524653
0.524492
0.524331
0.52417
0.524009
0.523848
0.523686
0.523525
0.523364
0.522506
0.521648
0.520789
0.519931
0.519073
0.518215
0.517356
0.516498
0.51564
0.514781
0.513923
0.513065
0.512207
0.511348
0.51049
0.509632
0.508773
0.507915
0.507057
0.506198
0.50534
0.504482
0.503624
0.502765
0.501907
0.501049
0.50019
0.499332
0.498474
0.497616
0.496757
0.495899
0.495041
0.494182
0.493324
0.492466
0.491607
0.490749
0.489891
0.489033
0.488174
0.487316
0.486458
0.485599
0.484741
0.483883
0.483025
0.482166
0.481308
0.48055
0.479793
0.479035
0.478277
0.477519
0.476762
0.476004
0.475246
0.474488
0.47373
0.472973
0.472215
0.471457
0.470699
0.469942
0.469184
0.468426
0.467668
0.466911
0.466153
0.465395
0.464637
0.463879
0.463122
0.462364
0.461606
0.460848
0.460091
0.459333
0.458575
0.457817
0.457059
0.456302
0.455544
0.454786
0.454028
0.453271
0.452639
0.452008
0.451376
0.450745
0.450113
0.449482
0.44885
0.448219
0.447587
0.446956
0.446325
0.445693
0.445062
0.44443
0.443799
0.443167
0.442536
0.441904
0.441273
0.440641
0.44001
0.439378
0.438747
0.438115
0.437484
0.436852
0.436221
0.435589
0.434958
0.434326
0.433695
0.433063
0.432432
0.431801
0.431169
0.430538
0.429906
0.429322
0.428738
0.428154
0.427569
0.426985
0.426401
0.425817
0.425233
0.424649
0.424065
0.423481
0.422897
0.422313
0.421728
0.421144
0.42056
0.42056
0.42056
0.42056
0.42056
0.42056
0.42056
0.42056
0.42056
0.42056
0.42056
0.42056
0.42056
0.42056
0.42056
0.42056
0.42056
0.42056
0.42056
0.42056
0.42056
0.425233
0.429906
0.434579
0.439252
0.443925
0.446261
0.448598
0.450934
0.453271
0.453855
0.454439
0.455023
0.455607
0.456191
0.456775
0.457359
0.457944
0.458528
0.459112
0.459696
0.46028
0.460864
0.461448
0.462032
0.462616
0.462616
0.462616
0.462616
0.462616
0.462616
0.462616
0.462616
0.462616
0.462616
0.462616
0.462616
0.462616
0.462616
0.462616
0.462616
0.462616
0.462616
0.462616
0.462616
0.462616
0.462617
0.461838
0.461059
0.46028
0.459501
0.458723
0.457944
0.457165
0.456386
0.455607
0.454828
0.45405
0.453271
0.452492
0.451713
0.450934
0.450155
0.449377
0.448598
0.447819
0.44704
0.446261
0.445482
0.444704
0.443925
0.44299
0.442056
0.441121
0.440186
0.439252
0.438317
0.437383
0.436448
0.435514
0.434579
0.433644
0.43271
0.431775
0.430841
0.429906
0.428971
0.428037
0.427102
0.426168
0.425233
0.424299
0.423364
0.422429
0.421495
0.42056
0.419626
0.418691
0.417757
0.416822
0.415887
0.414953
0.414018
0.413084
0.412149
0.411214
0.41028
0.409345
0.408411
0.407476
0.406542
0.405607
0.404672
0.403738
0.402803
0.401869
0.401495
0.401121
0.400747
0.400373
0.399999
0.399626
0.399252
0.398878
0.398504
0.39813
0.397757
0.397383
0.397009
0.396635
0.396261
0.395887
0.395514
0.39514
0.394766
0.394392
0.394018
0.393644
0.393271
0.392897
0.392522
0.392289
0.392055
0.391822
0.391588
0.391354
0.391121
0.390887
0.390653
0.39042
0.390186
0.389953
0.389719
0.389485
0.389252
0.389018
0.388784
0.388551
0.388317
0.388084
0.38785
0.389018
0.390187
0.391355
0.392523
0.393691
0.394859
0.396028
0.397196
0.398364
0.399532
0.4007
0.401869
0.404316
0.406764
0.409212
0.41166
0.414107
0.416555
0.419003
0.42145
0.423898
0.426346
0.428794
0.431241
0.433689
0.436137
0.438584
0.441032
0.44348
0.445927
0.448375
0.450823
0.45327
0.455996
0.458722
0.461448
0.464174
0.4669
0.469626
0.472352
0.475077
0.477803
0.480529
0.483255
0.485981
0.48818
0.490379
0.492578
0.494777
0.496976
0.499175
0.501374
0.503573
0.505772
0.507971
0.51017
0.512369
0.514568
0.516767
0.518966
0.521165
0.523364
0.52424
0.525116
0.525993
0.526869
0.527745
0.528621
0.529497
0.530373
0.53125
0.532126
0.533002
0.533878
0.534754
0.53563
0.536507
0.537383
0.53785
0.538317
0.538785
0.539252
0.539719
0.540187
0.540654
0.541121
0.541588
0.542056
0.542523
0.54299
0.543458
0.543925
0.544392
0.544859
0.545327
0.545794
0.546261
0.546729
0.546729
0.546729
0.546729
0.546729
0.546729
0.546729
0.546729
0.546729
0.546729
0.546729
0.546729
0.546729
0.546729
0.546729
0.546729
0.546729
0.546729
0.546729
0.546729
0.546729
0.546729
0.546729
0.546729
0.546729
0.546729
0.546729
0.546729
0.546729
0.546729
0.546729
0.546729
0.546729
0.546729
0.546729
0.546729
0.546729
0.546729
0.546729
0.546729
0.546729
0.546729
0.546729
0.546729
0.546729
0.546729
0.546729
0.546729
0.546729
0.546729
0.546729
0.546729
0.546729
0.546729
0.546729
0.546729
0.546729
0.546729
0.546728
0.546158
0.545588
0.545019
0.544449
0.543879
0.543309
0.542739
0.542169
0.541599
0.54103
0.54046
0.53989
0.53932
0.53875
0.53818
0.53761
0.537041
0.536471
0.535901
0.535331
0.534761
0.534191
0.533621
0.533052
0.532482
0.531912
0.531342
0.530772
0.530202
0.529633
0.529063
0.528493
0.527923
0.527353
0.526783
0.526213
0.525644
0.525074
0.524504
0.523934
0.523364
0.52268
0.521996
0.521312
0.520628
0.519944
0.519261
0.518577
0.517893
0.517209
0.516525
0.515841
0.515158
0.514474
0.51379
0.513106
0.512422
0.511739
0.511055
0.510371
0.509687
0.509003
0.508319
0.507636
0.506952
0.506268
0.505584
0.5049
0.504216
0.503533
0.502849
0.502165
0.501481
0.500797
0.500113
0.49943
0.498746
0.498062
0.497378
0.496694
0.496011
0.495327
0.49466
0.493992
0.493324
0.492657
0.491989
0.491322
0.490654
0.489987
0.489319
0.488651
0.487984
0.487316
0.486649
0.485981
0.485314
0.484646
0.483978
0.483311
0.482643
0.481976
0.481308
0.480641
0.479973
0.479305
0.478638
0.47797
0.477303
0.476635
0.476152
0.475669
0.475185
0.474702
0.474218
0.473735
0.473252
0.472768
0.472285
0.471801
0.471318
0.470834
0.470351
0.469868
0.469384
0.468901
0.468417
0.467934
0.467451
0.466967
0.466484
0.466
0.465517
0.465033
0.46455
0.464067
0.463583
0.4631
0.462616
0.462274
0.461932
0.46159
0.461248
0.460907
0.460565
0.460223
0.459881
0.459539
0.459197
0.458855
0.458513
0.458171
0.457829
0.457487
0.457146
0.456804
0.456462
0.45612
0.455778
0.455436
0.455094
0.454752
0.45441
0.454068
0.453726
0.453384
0.453043
0.452701
0.452359
0.452017
0.451675
0.451333
0.450991
0.450649
0.450307
0.449965
0.449623
0.449281
0.44894
0.448598
0.448598
0.448598
0.448598
0.448598
0.448598
0.448598
0.448598
0.448598
0.448598
0.448598
0.448598
0.448598
0.448598
0.448598
0.448598
0.448598
0.449972
0.451346
0.452721
0.454095
0.45547
0.456844
0.458218
0.459593
0.460967
0.462342
0.463716
0.46509
0.466465
0.467839
0.469213
0.470588
0.471962
0.474688
0.477414
0.48014
0.482866
0.485591
0.488317
0.491043
0.493769
0.496495
0.499221
0.501947
0.504672
0.507009
0.509345
0.511682
0.514018
0.516355
0.518691
0.521028
0.523364
0.525701
0.528037
0.530373
0.53271
0.535046
0.537383
0.539719
0.542056
0.544392
0.546729
0.549065
0.551401
0.55248
0.553558
0.554636
0.555715
0.556793
0.557872
0.55895
0.560028
0.561107
0.562185
0.563263
0.564342
0.56542
0.56542
0.56542
0.56542
0.56542
0.56542
0.56542
0.56542
0.56542
0.56542
0.56542
0.56542
0.56542
0.56542
0.56542
0.56542
0.56542
0.56542
0.56542
0.56542
0.56542
0.56542
0.56542
0.56542
0.56542
0.56542
0.56542
0.56542
0.56542
0.56542
0.56542
0.56542
0.56542
0.56542
0.56542
0.56542
0.56542
0.56542
0.56542
0.56542
0.56542
0.56542
0.56542
0.56542
0.56542
0.56542
0.56542
0.56542
0.56542
0.56542
0.56542
0.56542
0.56542
0.56542
0.56542
0.56542
0.56542
0.56542
0.56542
0.56542
0.56542
0.56542
0.56542
0.56542
0.56542
0.56542
0.56542
0.56542
0.56542
0.56542
0.56542
0.56542
0.56542
0.56542
0.56542
0.56542
0.56542
0.56542
0.56542
0.56542
0.56542
0.56542
0.56542
0.56542
0.56542
0.56542
0.56542
0.56542
0.56542
0.56542
0.56542
0.56542
0.56542
0.56542
0.56542
0.56542
0.56542
0.56542
0.56542
0.56542
0.56542
0.56542
0.56542
0.56542
0.56542
0.56542
0.56542
0.56542
0.56542
0.56542
0.56542
0.56542
0.56542
0.56542
0.56542
0.56542
0.56542
0.56542
0.56542
0.56542
0.56542
0.56542
0.56542
0.56542
0.56542
0.56542
0.56542
0.56542
0.56542
0.56542
0.56542
0.56542
0.56542
0.56542
0.56542
0.56542
0.56542
0.56542
0.56542
0.565421
0.565639
0.565856
0.566073
0.566291
0.566508
0.566725
0.566943
0.56716
0.567377
0.567595
0.567812
0.568029
0.568247
0.568464
0.568681
0.568899
0.569116
0.569333
0.569551
0.569768
0.569985
0.570203
0.57042
0.570637
0.570855
0.571072
0.571289
0.571507
0.571724
0.571941
0.572159
0.572376
0.572593
0.572811
0.573028
0.573245
0.573463
0.57368
0.573897
0.574115
0.574332
0.574549
0.574767
0.574984
0.575201
0.575419
0.575636
0.575853
0.576071
0.576288
0.576505
0.576723
0.57694
0.577157
0.577375
0.577592
0.577809
0.578027
0.578244
0.578461
0.578679
0.578896
0.579113
0.579331
0.579548
0.579765
0.579983
0.5802
0.580417
0.580635
0.580852
0.581069
0.581286
0.581504
0.581721
0.581939
0.582156
0.582373
0.58259
0.582808
0.583025
0.583242
0.58346
0.583677
0.583894
0.584113
0.584906
0.5857
0.586493
0.587287
0.58808
0.588874
0.589667
0.590461
0.591254
0.592048
0.592841
0.593635
0.594428
0.595222
0.596015
0.596809
0.597602
0.598396
0.599189
0.599983
0.600776
0.60157
0.602363
0.603157
0.60395
0.604744
0.605537
0.606331
0.607124
0.607918
0.608711
0.609505
0.610298
0.611091
0.611885
0.612678
0.613472
0.614266
0.615059
0.615852
0.616646
0.617439
0.618233
0.619026
0.61982
0.620613
0.621407
0.6222
0.622994
0.623787
0.624581
0.625374
0.626168
0.627663
0.629159
0.630654
0.632149
0.633645
0.63514
0.636635
0.638131
0.639626
0.641121
0.642617
0.644112
0.645607
0.647103
0.648598
0.650093
0.651588
0.653084
0.654579
0.656074
0.65757
0.659065
0.66056
0.662056
0.663551
0.66542
0.667289
0.669159
0.671028
0.672897
0.674766
0.676635
0.678504
0.680374
0.682243
0.684112
0.685981
0.68785
0.689719
0.691589
0.693458
0.695327
0.697196
0.699065
0.700934
0.704439
0.707944
0.711448
0.714953
0.714953
0.714953
0.714953
0.714953
0.714953
0.714953
0.714953
0.714953
0.713875
0.712797
0.711718
0.71064
0.709561
0.708483
0.707405
0.706326
0.705248
0.704169
0.703091
0.702013
0.700934
0.700467
0.7
0.699532
0.699065
0.698598
0.698131
0.697663
0.697196
0.696729
0.696261
0.695794
0.695327
0.69486
0.694392
0.693925
0.693458
0.69299
0.692523
0.692056
0.691588
0.69042
0.689252
0.688084
0.686915
0.685747
0.684579
0.683411
0.682243
0.681074
0.679906
0.678738
0.67757
0.676402
0.675233
0.674065
0.672897
0.672674
0.672452
0.672229
0.672007
0.671784
0.671562
0.671339
0.671117
0.670894
0.670672
0.670449
0.670227
0.670004
0.669782
0.669559
0.669337
0.669114
0.668892
0.668669
0.668447
0.668224
0.668037
0.66785
0.667663
0.667476
0.667289
0.667103
0.666916
0.666729
0.666542
0.666355
0.666168
0.665981
0.665794
0.665607
0.66542
0.665233
0.665046
0.66486
0.664673
0.664486
0.664299
0.664112
0.663925
0.663738
0.663552
0.664136
0.66472
0.665304
0.665888
0.666472
0.667056
0.66764
0.668224
0.668808
0.669393
0.669977
0.670561
0.671145
0.671729
0.672313
0.672897
0.673481
0.674065
0.674649
0.675234
0.675818
0.676402
0.676986
0.67757
0.678154
0.678738
0.679322
0.679906
0.68049
0.681075
0.681659
0.682243
0.682827
0.683411
0.683995
0.684579
0.685163
0.685747
0.686332
0.686916
0.688305
0.689695
0.691084
0.692473
0.693862
0.695252
0.696641
0.69803
0.69942
0.700809
0.702198
0.703587
0.704976
0.706366
0.707755
0.709144
0.710533
0.711923
0.713312
0.714701
0.71609
0.717479
0.718869
0.720258
0.721647
0.723036
0.724425
0.725815
0.727204
0.728593
0.729982
0.731371
0.732761
0.73415
0.735539
0.736928
0.738317
0.740097
0.741877
0.743657
0.745437
0.747218
0.748998
0.750778
0.752558
0.754338
0.756118
0.757899
0.759679
0.761459
0.763239
0.765019
0.766799
0.76858
0.77036
0.77214
0.77392
0.7757
0.77748
0.779261
0.781041
0.782821
0.784601
0.786381
0.788162
0.789942
0.791722
0.793502
0.795282
0.797062
0.798843
0.800623
0.802403
0.804183
0.805963
0.807743
0.809524
0.811304
1
