data;
template template-2;
float x;
float y;
float z;
float s;
float id;
array array-2 template-2-element;
;
template template-2-element;
float y;
float s;
float w;
;
;
template-2 20 20 30 6 2;
150 0 0;
94.0634 0 0;
58.9861 0 0;
36.9895 0 0;
23.1957 0 0;
14.5458 0 0;
9.12151 0 0;
5.72 0 0;
3.58694 0 0;
2.24933 0 0;
1.41054 0 0;
0.884537 0 0;
0.554672 0 0;
0.347839 0 0;
0.218124 0 0;
0.13678 0 0;
0.0857697 0 0;
0.0537872 0 0;
0.0337372 0 0;
0.0211487 0 0;
0.0132599 0 0;
0.00831604 0 0;
0.00521851 0 0;
0.00326538 0 0;
0.00204468 0 0;
0.00128174 0 0;
0.000808716 0 0;
0.00050354 0 0;
0.000320435 0 0;
0.000198364 0 0;
;
