data;
template template-2;
float x;
float y;
float z;
float s;
float id;
array array-2 template-2-element;
;
template template-2-element;
float y;
float s;
float w;
;
;
template-2 20 20 30 6 2;
56.454 0 0;
80.454 0 0;
138.454 0 0;
137.454 0 0;
129.454 0 0;
60.454 0 0;
48.454 0 0;
37.454 0 0;
31.454 0 0;
29.454 0 0;
27.454 0 0;
25.954 0 0;
24.454 0 0;
24.454 0 0;
24.454 0 0;
24.454 0 0;
24.454 0 0;
24.454 0 0;
24.454 0 0;
22.454 0 0;
20.454 0 0;
14.454 0 0;
11.454 0 0;
9.45399 0 0;
8.95399 0 0;
8.45399 0 0;
7.95399 0 0;
7.45399 0 0;
7.45399 0 0;
7.45399 0 0;
;
