data;
template template-1;
float x;
float y;
float z;
float s;
float id;
array array-1 template-1-element;
;
template template-1-element;
float y;
float s;
float w;
;
;
template-1 20 20 30 6 1;
150 0 0;
114.889 0 0;
87.9969 0 0;
67.3993 0 0;
51.6231 0 0;
39.5396 0 0;
30.2845 0 0;
23.1957 0 0;
17.7663 0 0;
13.6077 0 0;
10.4225 0 0;
7.9829 0 0;
6.11433 0 0;
4.68314 0 0;
3.58695 0 0;
2.74735 0 0;
2.10427 0 0;
1.61172 0 0;
1.23446 0 0;
0.945509 0 0;
0.724192 0 0;
0.55468 0 0;
0.424845 0 0;
0.325401 0 0;
0.249234 0 0;
0.190895 0 0;
0.146212 0 0;
0.111988 0 0;
0.0857747 0 0;
0.0656973 0 0;
;
