data;
template template-6;
float x;
float y;
float z;
float s;
float id;
array array-6 template-6-element;
;
template template-6-element;
float y;
float s;
float w;
;
;
template-6 20 20 30 6 6;
7.532 0 0;
-8.468 0 0;
-6.468 0 0;
0.531998 0 0;
5.532 0 0;
10.532 0 0;
14.532 0 0;
17.532 0 0;
25.532 0 0;
37.532 0 0;
45.532 0 0;
69.532 0 0;
82.532 0 0;
105.532 0 0;
129.532 0 0;
137.532 0 0;
130.532 0 0;
121.532 0 0;
108.532 0 0;
100.532 0 0;
92.532 0 0;
85.8653 0 0;
79.1987 0 0;
72.532 0 0;
60.532 0 0;
48.532 0 0;
35.532 0 0;
23.532 0 0;
20.032 0 0;
16.532 0 0;
;
