data;
template template-4;
float x;
float y;
float z;
float s;
float id;
array array-4 template-4-element;
;
template template-4-element;
float y;
float s;
float w;
;
;
template-4 20 20 30 6 4;
0 0 0;
1.63893 0 0;
6.48408 0 0;
14.3237 0 0;
24.8152 0 0;
37.4999 0 0;
51.8237 0 0;
67.1603 0 0;
82.8395 0 0;
98.1762 0 0;
112.5 0 0;
125.185 0 0;
135.676 0 0;
143.516 0 0;
148.361 0 0;
150 0 0;
148.361 0 0;
143.516 0 0;
135.676 0 0;
125.185 0 0;
112.5 0 0;
98.1765 0 0;
82.8399 0 0;
67.1607 0 0;
51.824 0 0;
37.5003 0 0;
24.8154 0 0;
14.3239 0 0;
6.48423 0 0;
1.639 0 0;
;
