data;
template template-1;
float x;
float y;
float z;
float s;
float id;
array array-1 template-1-element;
;
template template-1-element;
float y;
float s;
float w;
;
;
template-1 20 20 30 6 1;
0 0 0;
35.1107 0 0;
62.0031 0 0;
82.6007 0 0;
98.3769 0 0;
110.46 0 0;
119.716 0 0;
126.804 0 0;
132.234 0 0;
136.392 0 0;
139.577 0 0;
142.017 0 0;
143.886 0 0;
145.317 0 0;
146.413 0 0;
147.253 0 0;
147.896 0 0;
148.388 0 0;
148.766 0 0;
149.054 0 0;
149.276 0 0;
149.445 0 0;
149.575 0 0;
149.675 0 0;
149.751 0 0;
149.809 0 0;
149.854 0 0;
149.888 0 0;
149.914 0 0;
149.934 0 0;
;
