data;
template template-5;
float x;
float y;
float z;
float s;
float id;
array array-5 template-5-element;
;
template template-5-element;
float y;
float s;
float w;
;
;
template-5 20 20 30 6 5;
58.4999 0 0;
59.1666 0 0;
59.8333 0 0;
60.4999 0 0;
60.9999 0 0;
61.4999 0 0;
61.9999 0 0;
62.4999 0 0;
63.4999 0 0;
64.4999 0 0;
65.4999 0 0;
66.4999 0 0;
67.5 0 0;
68.1 0 0;
68.7 0 0;
69.2999 0 0;
69.8999 0 0;
70.4999 0 0;
70.9999 0 0;
71.4999 0 0;
71.9999 0 0;
72.4999 0 0;
72.4999 0 0;
72.4999 0 0;
72.4999 0 0;
73.9999 0 0;
75.4999 0 0;
75.4999 0 0;
79.4999 0 0;
83.4999 0 0;
;
