data;
template template-2;
float x;
float y;
float z;
float s;
float id;
array array-2 template-2-element;
;
template template-2-element;
float y;
float s;
float w;
;
;
template-2 20 20 30 6 2;
0 0 0;
55.9366 0 0;
91.0139 0 0;
113.01 0 0;
126.804 0 0;
135.454 0 0;
140.878 0 0;
144.28 0 0;
146.413 0 0;
147.751 0 0;
148.589 0 0;
149.115 0 0;
149.445 0 0;
149.652 0 0;
149.782 0 0;
149.863 0 0;
149.914 0 0;
149.946 0 0;
149.966 0 0;
149.979 0 0;
149.987 0 0;
149.992 0 0;
149.995 0 0;
149.997 0 0;
149.998 0 0;
149.999 0 0;
149.999 0 0;
149.999 0 0;
150 0 0;
150 0 0;
;
