data;
template template-6;
float x;
float y;
float z;
float s;
float id;
array array-6 template-6-element;
;
template template-6-element;
float y;
float s;
float w;
;
;
template-6 20 20 30 6 6;
150 0 0;
107.48 0 0;
77.0126 0 0;
55.1819 0 0;
39.5396 0 0;
28.3313 0 0;
20.3003 0 0;
14.5458 0 0;
10.4225 0 0;
7.46806 0 0;
5.3511 0 0;
3.83423 0 0;
2.74734 0 0;
1.96855 0 0;
1.41054 0 0;
1.0107 0 0;
0.724197 0 0;
0.518906 0 0;
0.371811 0 0;
0.266418 0 0;
0.190887 0 0;
0.13678 0 0;
0.0980072 0 0;
0.0702209 0 0;
0.0503235 0 0;
0.0360565 0 0;
0.0258331 0 0;
0.0185089 0 0;
0.0132599 0 0;
0.00950623 0 0;
;
