data;
template template-4;
float x;
float y;
float z;
float s;
float id;
array array-4 template-4-element;
;
template template-4-element;
float y;
float s;
float w;
;
;
template-4 20 20 30 6 4;
150 0 0;
148.361 0 0;
143.516 0 0;
135.676 0 0;
125.185 0 0;
112.5 0 0;
98.1763 0 0;
82.8397 0 0;
67.1605 0 0;
51.8238 0 0;
37.5001 0 0;
24.8153 0 0;
14.3238 0 0;
6.48415 0 0;
1.63896 0 0;
0 0 0;
1.63889 0 0;
6.48399 0 0;
14.3236 0 0;
24.815 0 0;
37.4998 0 0;
51.8235 0 0;
67.1601 0 0;
82.8393 0 0;
98.176 0 0;
112.5 0 0;
125.185 0 0;
135.676 0 0;
143.516 0 0;
148.361 0 0;
;
