0 4 4 4 16
1 4 4 4 16
2 4 4 4 16
3 4 4 4 16
4 4 4 4 16
5 4 4 4 16
6 4 4 4 16
7 4 4 4 16
8 4 4 4 16
9 4 4 4 16
10 4 4 4 16
11 4 4 4 16
12 4 4 4 16
13 4 4 4 16
14 4 4 4 16
15 4 4 4 16
16 4 4 4 16
17 4 4 4 16
18 4 4 4 16
19 4 4 4 16
20 4 4 4 16
21 4 4 4 16
22 4 4 4 16
23 4 4 4 16
24 4 4 4 16
25 4 4 4 16
26 4 4 4 16
27 4 4 4 16
28 4 4 4 16
29 4 4 4 16
30 4 4 4 16
31 4 4 4 16
32 4 4 4 16
33 4 4 4 16
34 4 4 4 16
35 4 4 4 16
36 4 4 4 16
37 4 4 4 16
38 4 4 4 16
39 4 4 4 16
40 4 4 4 16
41 4 4 4 16
42 4 4 4 16
43 4 4 4 16
44 4 4 4 16
45 4 4 4 16
46 4 4 4 16
47 4 4 4 16
48 4 4 4 16
49 4 4 4 16
50 4 4 4 16
51 4 4 4 16
52 4 4 4 16
53 4 4 4 16
54 4 4 4 16
55 4 4 4 16
56 4 4 4 16
57 4 4 4 16
58 4 4 4 16
59 4 4 4 16
60 4 4 4 16
61 4 4 4 16
62 4 4 4 16
63 4 4 4 16
64 4 4 4 16
65 4 4 4 16
66 4 4 4 16
67 4 4 4 16
68 4 4 4 16
69 4 4 4 16
70 4 4 4 16
71 4 4 4 16
72 4 4 4 16
73 4 4 4 16
74 4 4 4 16
75 4 4 4 16
76 4 4 4 16
77 4 4 4 16
78 4 4 4 16
79 4 4 4 16
80 4 4 4 16
81 4 4 4 16
82 4 4 4 16
83 4 4 4 16
