data;
template template-1;
float x;
float y;
float z;
float s;
float id;
array array-1 template-1-element;
;
template template-1-element;
float y;
float s;
float w;
;
;
template-1 20 20 30 6 1;
129.623 0 13;
134.623 0 10;
136.623 0 8;
137.623 0 5;
93.6231 0 1;
75.6231 0 0;
65.6231 0 0;
59.6231 0 0;
52.6231 0 0;
48.6231 0 0;
43.6231 0 0;
39.6231 0 0;
35.6231 0 0;
31.6231 0 0;
27.6231 0 0;
26.1231 0 0;
24.6231 0 0;
20.6231 0 0;
18.6231 0 0;
16.6231 0 0;
16.6231 0 0;
14.6231 0 0;
14.1231 0 0;
13.6231 0 0;
12.6231 0 0;
12.1231 0 0;
11.6231 0 0;
11.6231 0 0;
10.6231 0 0;
6.62311 0 0;
;
