0 0 -1 en 0;
tempo change 120;
1 7 -1 en 0.85;
0 9 10 2 2 tr 3 en 0.49;
2 15 -1 en 0.25;
3 23 -1 en 0.75;
1 25 18 2 2 0 1 tr 2 0 0 en 0.67;
4 31 -1 en 0.33;
0 39 -1 en 0.49;
1 47 -1 en 0.64;
2 49 34 2 1 0 0 tr 3 4 4 en 0.27;
2 55 -1 en 0.28;
3 63 40 0 tr en 0.72;
3 63 -1 en 0.72;
tempo change 90;
0 66 26 2 tr en 0.39;
1 69 21 2 2 1 2 tr 3 2 2 en 0.6;
0 69 -1 en 0.43;
1 75 -1 en 0.58;
4 79 47 1 2 2 0 tr 2 3 3 en 0.42;
2 81 25 2 2 0 tr 3 4 en 0.34;
4 81 -1 en 0.43;
2 87 -1 en 0.35;
3 87 23 2 2 2 2 tr 3 4 2 en 0.65;
4 90 9 2 tr en 0.44;
0 92 22 0 0 1 1 tr 3 4 4 en 0.48;
1 93 17 2 tr en 0.51;
2 93 5 2 0 0 1 tr 3 0 3 en 0.41;
3 93 -1 en 0.61;
4 99 -1 en 0.43;
4 103 4 1 1 2 2 tr 0 2 0 en 0.43;
0 105 -1 en 0.5;
3 109 16 1 0 0 2 tr 3 0 2 en 0.58;
1 111 -1 en 0.48;
2 117 -1 en 0.51;
4 123 -1 en 0.44;
2 127 10 0 tr en 0.53;
3 129 -1 en 0.52;
0 130 25 2 2 0 0 tr 4 2 2 en 0.47;
3 132 3 2 2 2 2 tr 3 2 4 en 0.49;
2 135 -1 en 0.58;
0 141 -1 en 0.45;
0 144 3 1 1 2 2 tr 3 4 2 en 0;
3 147 -1 en 0.52;
4 149 26 0 0 0 0 tr 0 1 2 en 0.5;
0 153 -1 en 0.42;
4 159 -1 en 0.54;
3 164 16 1 tr en 0.36;
3 165 -1 en 0.37;
1 167 56 1 0 2 tr 4 2 en 0.43;
3 170 5 2 tr en 0.67;
1 171 -1 en 0.48;
3 177 -1 en 0.44;
2 181 46 2 1 0 2 tr 2 2 2 en 0.44;
1 182 11 0 1 1 tr 4 0 en 0.48;
2 183 -1 en 0.27;
1 189 -1 en 0.5;
0 189 36 2 2 0 tr 1 0 en 0.63;
1 191 2 0 1 0 tr 4 3 en 0.47;
2 192 9 2 tr en 0.33;
4 194 35 0 tr en 0.64;
0 195 -1 en 0.58;
1 201 -1 en 0.47;
3 204 27 2 1 1 2 tr 0 1 0 en 0.46;
0 205 10 2 tr en 0.32;
2 207 -1 en 0.42;
2 211 4 2 tr en 0.44;
4 213 -1 en 0.55;
3 219 -1 en 0.49;
1 220 18 2 1 1 2 tr 3 3 4 en 0.65;
0 225 -1 en 0.43;
2 231 -1 en 0.42;
4 236 23 1 tr en 0.52;
1 237 -1 en 0.73;
4 243 -1 en 0.52;
3 249 29 2 tr en 0.49;
3 249 -1 en 0.49;
2 251 19 1 tr en 0.39;
3 253 4 0 tr en 0.49;
2 255 -1 en 0.39;
3 261 -1 en 0.49;
4 262 19 0 tr en 0.62;
0 263 38 1 tr en 0.41;
3 264 3 1 0 0 0 tr 3 1 2 en 0.49;
4 267 -1 en 0.72;
4 270 3 1 1 tr 2 en 0.6;
0 273 -1 en 0.47;
3 279 -1 en 0.5;
4 285 -1 en 0.66;
1 291 53 1 tr en 0.36;
1 291 -1 en 0.36;
3 295 15 1 0 tr 2 en 0.57;
3 297 -1 en 0.65;
2 298 43 0 0 tr 0 en 0.51;
0 299 26 1 1 tr 0 en 0.42;
2 303 -1 en 0.52;
2 308 5 1 1 2 tr 0 1 en 0.52;
0 309 -1 en 0;
2 315 -1 en 0.51;
4 321 35 2 0 0 0 tr 2 3 3 en 0.49;
4 321 -1 en 0.49;
1 327 35 0 2 1 tr 2 1 en 0.54;
1 327 -1 en 0.54;
2 329 13 2 0 1 tr 3 3 en 0.49;
3 332 35 2 1 0 tr 1 1 en 0.59;
2 333 -1 en 0.49;
4 336 15 1 1 tr 3 en 0.35;
3 339 -1 en 0.59;
1 342 14 1 1 tr 3 en 0.48;
4 345 -1 en 0.4;
0 350 40 1 1 1 0 tr 0 2 4 en 0.46;
1 351 -1 en 0.53;
0 357 -1 en 0.51;
2 363 29 2 1 1 tr 1 1 en 0.49;
2 363 -1 en 0.49;
0 367 10 2 2 1 0 tr 1 1 1 en 0.79;
4 367 22 1 0 tr 0 en 0.22;
0 369 -1 en 0.53;
3 373 33 1 1 tr 3 en 0.67;
4 375 -1 en 0.39;
2 375 12 2 2 1 tr 3 0 en 0.49;
3 381 -1 en 0.45;
4 386 11 1 1 tr 1 en 0.39;
2 387 -1 en 0.49;
4 393 -1 en 0.45;
3 396 15 1 2 2 tr 1 3 en 0.36;
3 399 -1 en 0.31;
1 405 53 2 2 tr 0 en 0.62;
1 405 -1 en 0.62;
3 405 6 2 1 1 2 tr 2 0 1 en 0.42;
3 411 -1 en 0.31;
0 417 47 2 2 2 0 tr 4 0 3 en 0.48;
0 417 -1 en 0.48;
1 418 12 1 1 2 tr 2 2 en 0.7;
1 423 -1 en 0.71;
1 426 3 2 2 1 2 tr 4 2 3 en 0.72;
1 429 -1 en 0.72;
3 434 22 2 0 2 0 tr 2 0 1 en 0.38;
3 435 -1 en 0.34;
0 440 23 2 0 0 tr 2 0 en 0.45;
0 441 -1 en 0.17;
2 441 54 1 1 1 tr 3 4 en 0.44;
2 447 -1 en 0.44;
3 449 14 1 1 1 tr 2 1 en 0.47;
4 449 56 2 1 1 0 tr 3 4 4 en 0.47;
3 453 -1 en 0.44;
1 453 23 1 2 2 0 tr 3 4 4 en 0.57;
3 455 2 2 0 2 0 tr 2 3 2 en 0.46;
0 455 14 2 1 0 0 tr 3 1 2 en 0.51;
4 459 -1 en 0.5;
1 465 -1 en 0.51;
4 465 6 0 2 1 0 tr 0 1 1 en 0.49;
3 471 -1 en 0.46;
0 477 -1 en 0.54;
1 480 15 1 1 2 tr 0 1 en 0.52;
0 482 5 1 1 tr 0 en 0.55;
4 483 -1 en 0.49;
1 489 -1 en 0.49;
2 491 44 1 1 2 0 tr 3 1 2 en 0.49;
0 495 -1 en 0.51;
4 497 14 1 1 1 tr 2 1 en 0.52;
2 501 -1 en 0.45;
4 507 -1 en 0.7;
3 509 37 2 1 tr 0 en 0.19;
3 513 -1 en 0.19;
1 515 25 1 1 tr 0 en 0.6;
1 519 -1 en 0.61;
0 520 24 1 0 2 tr 3 3 en 0.48;
2 522 21 1 0 2 1 tr 3 0 1 en 0.49;
0 525 -1 en 0.46;
4 530 22 1 1 0 2 tr 0 0 0 en 0.7;
2 531 -1 en 0.51;
3 531 17 2 2 1 0 tr 0 3 1 en 0.2;
1 532 13 2 0 1 tr 0 1 en 0.61;
4 537 -1 en 0.71;
3 543 -1 en 0.21;
0 544 19 1 1 0 tr 0 0 en 0.41;
1 549 -1 en 0.62;
0 555 -1 en 0.41;
2 561 29 1 2 1 1 tr 0 3 3 en 0.54;
2 561 -1 en 0.54;
1 562 13 1 1 0 tr 0 3 en 0.61;
1 567 -1 en 0.61;
4 573 35 1 2 2 0 tr 3 3 3 en 0.64;
4 573 -1 en 0.64;
3 579 35 2 2 tr 3 en 0.33;
3 579 -1 en 0.33;
0 580 24 0 1 tr 3 en 0.35;
2 582 21 2 tr en 0.53;
0 585 -1 en 0.45;
0 589 4 1 1 tr 2 en 0.43;
1 590 23 2 2 tr 0 en 0.69;
2 591 -1 en 0.5;
3 593 14 1 0 2 tr 0 1 en 0.28;
4 596 23 1 1 tr 3 en 0.48;
0 597 -1 en 0.6;
1 603 -1 en 0.62;
2 606 15 2 1 tr 3 en 0.31;
3 609 -1 en 0.44;
0 613 15 1 1 0 2 tr 1 3 2 en 0.67;
3 614 5 0 2 2 2 tr 1 3 1 en 0.44;
4 615 -1 en 0.56;
1 618 15 1 1 tr 2 en 0.43;
2 621 -1 en 0.53;
2 626 5 1 1 1 0 tr 3 4 2 en 0.5;
0 627 -1 en 0.45;
3 633 -1 en 0.65;
3 635 2 2 2 1 tr 4 0 en 0.55;
1 639 -1 en 0.49;
0 642 15 0 1 2 2 tr 1 2 2 en 0.43;
2 645 -1 en 0.56;
1 647 8 2 1 2 2 tr 4 4 1 en 0.5;
3 651 -1 en 0.48;
2 652 7 1 tr en 0.49;
3 653 2 0 0 2 2 tr 1 1 2 en 0.48;
0 657 -1 en 0.41;
4 661 46 1 1 1 0 tr 2 2 2 en 0.84;
0 662 5 0 tr en 0.88;
1 663 -1 en 0.31;
2 669 -1 en 0.71;
3 675 -1 en 0.32;
4 681 -1 en 0.6;
0 687 -1 en 0.3;
1 689 25 2 tr en 0.43;
1 693 -1 en 0.38;
1 696 3 1 1 1 tr 2 0 en 0.33;
1 699 -1 en 0.28;
2 705 35 0 2 1 1 tr 3 2 3 en 0.56;
2 705 -1 en 0.56;
3 708 32 0 1 2 tr 4 0 en 0.61;
3 711 -1 en 0.61;
4 717 35 2 0 0 tr 3 1 en 0.45;
4 717 -1 en 0.45;
0 718 31 2 0 1 2 tr 3 1 2 en 0.39;
0 723 -1 en 0.61;
1 723 23 0 tr en 0.33;
3 723 12 0 2 1 tr 2 3 en 0.54;
1 729 -1 en 0.34;
1 733 4 1 0 tr 2 en 0.34;
3 735 -1 en 0.53;
2 737 32 0 tr en 0.6;
3 739 4 2 tr en 0.53;
1 741 -1 en 0.36;
4 743 26 2 tr en 0.37;
0 744 21 2 tr en 0.56;
1 745 4 2 tr en 0.37;
2 747 -1 en 0.51;
3 753 -1 en 0.53;
2 754 7 2 0 tr 4 en 0.52;
4 759 -1 en 0.39;
4 761 2 2 1 0 tr 3 3 en 0.39;
0 765 -1 en 0.55;
1 771 -1 en 0.35;
3 771 18 1 0 0 tr 0 0 en 0.53;
2 777 -1 en 0.46;
4 783 -1 en 0.49;
3 789 -1 en 0.48;
0 795 29 0 0 1 2 tr 4 0 1 en 0.38;
0 795 -1 en 0.38;
1 797 25 2 tr en 0.44;
1 801 -1 en 0.48;
4 801 18 0 0 1 tr 0 3 en 0.52;
4 807 -1 en 0.55;
0 811 15 1 1 1 tr 0 1 en 0.46;
2 811 34 2 1 1 tr 1 2 en 0.49;
0 813 -1 en 0.47;
1 817 16 1 1 1 0 tr 3 3 3 en 0.54;
2 819 -1 en 0.44;
4 819 12 0 0 tr 0 en 0.56;
0 823 10 2 1 1 2 tr 3 4 0 en 0.44;
1 825 -1 en 0.57;
2 829 9 1 1 2 0 tr 3 3 3 en 0.46;
3 830 41 2 2 2 0 tr 2 2 4 en 0.42;
4 831 -1 en 0.65;
1 835 10 1 2 0 1 tr 3 1 1 en 0.66;
0 837 -1 en 0.38;
2 843 -1 en 0.43;
4 846 14 1 1 0 2 tr 3 3 1 en 0.67;
3 849 -1 en 0.44;
2 852 9 1 2 2 tr 3 4 en 0.37;
1 855 -1 en 0.67;
4 861 -1 en 0.59;
2 867 -1 en 0.32;
3 869 20 2 0 0 2 tr 0 0 4 en 0.52;
3 873 -1 en 0.48;
0 879 41 1 0 tr 1 en 0.45;
0 879 -1 en 0.45;
1 885 29 2 1 tr 2 en 0.6;
1 885 -1 en 0.6;
4 891 29 2 0 1 2 tr 1 4 0 en 0.77;
4 891 -1 en 0.77;
2 891 23 1 1 1 tr 3 1 en 0.37;
1 895 9 2 1 2 1 tr 3 2 4 en 0.55;
2 897 -1 en 0.57;
4 898 6 1 2 2 0 tr 3 0 0 en 0.46;
1 903 -1 en 0.45;
2 905 8 2 1 tr 3 en 0.5;
4 909 -1 en 0.46;
2 915 -1 en 0.5;
3 915 42 2 2 0 tr 2 1 en 0.53;
3 921 -1 en 0.53;
4 926 17 2 0 1 2 tr 1 1 1 en 0.47;
4 927 -1 en 0.74;
0 927 48 2 2 tr 2 en 0.68;
0 933 -1 en 0.41;
1 939 35 1 1 1 0 tr 3 4 3 en 0.55;
1 939 -1 en 0.55;
2 942 27 2 1 0 2 tr 3 0 0 en 0.5;
2 945 -1 en 0.5;
4 949 22 0 0 2 2 tr 4 2 3 en 0.41;
4 951 -1 en 0.41;
0 953 20 2 2 tr 2 en 0.6;
0 957 -1 en 0.75;
2 958 13 2 2 1 0 tr 3 3 3 en 0.25;
0 961 4 2 2 2 tr 3 2 en 0.74;
2 963 -1 en 0.27;
3 968 46 1 tr en 0.6;
0 969 -1 en 0.6;
2 974 11 1 2 0 0 tr 0 4 4 en 0.36;
3 975 -1 en 0.59;
1 980 41 2 tr en 0.44;
2 981 -1 en 0.31;
1 987 -1 en 0.39;
4 993 41 2 1 1 2 tr 2 2 3 en 0.41;
4 993 -1 en 0.41;
0 994 25 2 0 0 0 tr 0 1 2 en 0.67;
0 999 -1 en 0.61;
3 1005 29 2 1 1 0 tr 3 3 1 en 0.7;
3 1005 -1 en 0.7;
4 1009 16 2 2 0 2 tr 3 1 1 en 0.25;
4 1011 -1 en 0.4;
3 1014 9 1 2 2 0 tr 3 4 3 en 0.74;
4 1016 5 2 2 2 2 tr 3 0 2 en 0.4;
3 1017 -1 en 0.73;
4 1023 -1 en 0.41;
3 1024 7 2 1 2 1 tr 3 4 0 en 0.49;
3 1029 -1 en 0.55;
2 1032 51 2 2 2 1 tr 0 1 1 en 0.49;
2 1035 -1 en 0.5;
4 1035 12 1 2 2 2 tr 3 4 4 en 0.5;
1 1040 52 2 0 0 0 tr 0 2 3 en 0.47;
4 1041 -1 en 0.6;
3 1044 15 2 0 0 2 tr 3 3 0 en 0.67;
0 1044 45 2 2 2 tr 0 1 en 0.9;
1 1047 -1 en 0.53;
2 1050 15 2 2 1 2 tr 0 0 3 en 0.66;
3 1053 -1 en 0.49;
3 1057 4 1 tr en 0.55;
0 1059 -1 en 0.54;
2 1065 -1 en 0.6;
3 1071 -1 en 0.49;
4 1077 35 2 1 0 0 tr 1 4 2 en 0.26;
4 1077 -1 en 0.26;
2 1079 13 0 1 0 2 tr 3 4 2 en 0.63;
2 1083 -1 en 0.59;
4 1084 7 0 1 tr 3 en 0.27;
1 1087 39 0 tr en 0.52;
4 1089 -1 en 0.27;
0 1091 31 0 tr en 0.53;
1 1095 -1 en 0.52;
3 1096 25 0 0 tr 0 en 0.65;
0 1101 -1 en 0.54;
2 1105 22 0 tr en 0.5;
3 1107 -1 en 0.49;
1 1108 13 0 1 tr 0 en 0.52;
2 1113 -1 en 0.5;
1 1119 -1 en 0.52;
0 1123 22 0 tr en 0.64;
0 1125 -1 en 0.74;
4 1131 41 0 tr en 0.34;
4 1131 -1 en 0.34;
3 1132 24 0 tr en 0.47;
0 1134 9 0 tr en 0.71;
2 1135 21 0 0 2 tr 0 2 en 0.51;
3 1137 -1 en 0.45;
0 1143 -1 en 0.49;
tempo change 120;
tempo change 90;
2 1149 -1 en 0.54;
1 1155 35 0 2 0 1 tr 0 0 4 en 0.53;
1 1155 -1 en 0.53;
4 1155 24 0 0 tr 0 en 0.63;
4 1161 -1 en 0.69;
3 1162 25 0 0 0 tr 0 0 en 0.19;
2 1163 13 0 1 1 tr 2 4 en 0.64;
3 1167 -1 en 0.59;
1 1170 15 0 1 1 0 tr 2 0 3 en 0.51;
2 1173 -1 en 0.49;
0 1176 33 1 1 1 2 tr 0 1 2 en 0.4;
4 1177 16 2 2 0 tr 3 0 en 0.47;
1 1179 -1 en 0.55;
0 1185 -1 en 0.32;
0 1189 4 0 tr en 0.36;
4 1191 -1 en 0.47;
3 1195 28 0 2 0 tr 0 0 en 0.64;
0 1197 -1 en 0.4;
1 1199 19 1 1 1 0 tr 0 1 1 en 0.48;
0 1199 2 1 1 tr 0 en 0.38;
3 1203 -1 en 0.64;
1 1209 -1 en 0.48;
4 1209 18 1 1 2 tr 3 3 en 0.44;
0 1215 -1 en 0.39;
3 1215 12 2 0 2 1 tr 1 1 1 en 0.63;
0 1218 3 2 tr en 0.44;
4 1221 -1 en 0.45;
3 1227 -1 en 0.61;
0 1233 -1 en 0.31;
2 1237 64 0 tr en 0.53;
2 1239 -1 en 0.53;
1 1245 35 0 1 0 tr 4 3 en 0.48;
1 1245 -1 en 0.48;
0 1247 14 2 1 1 2 tr 3 4 1 en 0.44;
0 1251 -1 en 0.45;
4 1257 35 1 1 tr 0 en 0.43;
4 1257 -1 en 0.43;
3 1263 35 1 2 tr 2 en 0.59;
3 1263 -1 en 0.59;
2 1269 29 2 2 0 2 tr 0 0 1 en 0.52;
2 1269 -1 en 0.52;
0 1273 22 2 2 1 tr 2 2 en 0.43;
0 1275 -1 en 0.46;
1 1281 35 2 1 tr 0 en 0.48;
1 1281 -1 en 0.48;
4 1282 25 1 tr en 0.38;
3 1284 21 1 1 tr 0 en 0.6;
2 1285 16 2 2 tr 0 en 0.5;
4 1287 -1 en 0.41;
1 1288 7 2 1 0 tr 3 4 en 0.48;
0 1290 15 2 1 2 tr 0 1 en 0.5;
3 1293 -1 en 0.55;
2 1299 -1 en 0.5;
4 1299 12 1 2 1 0 tr 3 4 0 en 0.47;
3 1301 8 0 0 tr 1 en 0.47;
1 1305 -1 en 0.46;
0 1311 -1 en 0.52;
1 1312 7 2 tr en 0.5;
4 1317 -1 en 0.47;
3 1323 -1 en 0.47;
1 1329 -1 en 0.5;
4 1331 14 2 2 2 2 tr 2 0 0 en 0.53;
4 1335 -1 en 0.53;
2 1341 41 2 0 1 1 tr 3 4 0 en 0.52;
2 1341 -1 en 0.52;
0 1345 34 2 1 2 1 tr 4 4 4 en 0.38;
4 1346 11 2 2 0 1 tr 3 4 4 en 0.52;
0 1347 -1 en 0.5;
2 1349 8 2 1 2 2 tr 3 1 0 en 0.49;
4 1353 -1 en 0.46;
2 1359 -1 en 0.48;
4 1361 8 2 0 0 0 tr 3 3 3 en 0.55;
2 1362 3 2 0 2 0 tr 3 4 0 en 0.4;
4 1365 -1 en 0.67;
2 1371 -1 en 0.19;
3 1376 53 1 1 1 2 tr 1 2 3 en 0.49;
3 1377 -1 en 0.49;
4 1381 16 2 0 1 tr 3 3 en 0.71;
4 1383 -1 en 0.52;
2 1384 13 1 2 2 2 tr 3 0 3 en 0.52;
1 1384 55 2 2 2 0 tr 0 0 1 en 0.51;
4 1388 5 2 tr en 0.68;
2 1389 -1 en 0.35;
1 1395 -1 en 0.45;
3 1397 19 2 1 0 tr 3 2 en 0.48;
2 1398 9 1 1 tr 3 en 0.52;
4 1401 -1 en 0.38;
3 1407 -1 en 0.55;
0 1410 62 1 0 tr 0 en 0.66;
3 1411 4 1 0 tr 0 en 0.44;
2 1413 -1 en 0.5;
1 1417 22 0 0 2 tr 3 3 en 0.44;
0 1419 -1 en 0.46;
2 1422 9 2 2 tr 3 en 0.49;
3 1425 -1 en 0.57;
1 1431 -1 en 0.27;
2 1437 -1 en 0.72;
0 1440 20 1 1 0 1 tr 0 2 2 en 0.87;
0 1443 -1 en 0.59;
1 1443 12 2 2 1 0 tr 2 4 1 en 0.37;
1 1449 -1 en 0.41;
4 1455 53 1 1 tr 1 en 0.39;
4 1455 -1 en 0.39;
4 1458 3 2 2 1 tr 1 4 en 0.42;
4 1461 -1 en 0.42;
4 1466 5 1 2 2 tr 1 3 en 0.42;
4 1467 -1 en 0.42;
2 1468 31 1 2 2 tr 0 0 en 0.55;
2 1473 -1 en 0.55;
3 1476 50 2 tr en 0.51;
3 1479 -1 en 0.51;
1 1480 31 2 2 2 0 tr 4 1 1 en 0.4;
2 1482 9 2 2 0 1 tr 0 4 1 en 0.54;
1 1485 -1 en 0.41;
2 1491 -1 en 0.55;
4 1491 24 2 1 1 0 tr 3 4 2 en 0.42;
0 1492 48 2 0 2 2 tr 2 2 1 en 0.55;
4 1497 -1 en 0.51;
3 1500 21 2 1 0 0 tr 2 4 0 en 0.5;
1 1502 16 2 2 2 2 tr 2 1 3 en 0.45;
0 1503 -1 en 0.54;
4 1508 11 2 1 0 tr 2 2 en 0.48;
3 1509 -1 en 0.49;
1 1515 -1 en 0.48;
3 1517 7 2 2 1 tr 2 2 en 0.49;
4 1521 -1 en 0.5;
3 1527 -1 en 0.48;
2 1533 41 2 2 0 2 tr 3 0 0 en 0.48;
2 1533 -1 en 0.48;
0 1536 32 2 2 2 0 tr 0 1 2 en 0.52;
0 1539 -1 en 0.49;
1 1545 29 2 2 2 tr 2 0 en 0.52;
1 1545 -1 en 0.52;
4 1551 29 0 2 tr 0 en 0.5;
4 1551 -1 en 0.5;
3 1557 29 1 2 0 tr 0 3 en 0.46;
3 1557 -1 en 0.46;
2 1563 29 1 tr en 0.51;
2 1563 -1 en 0.51;
0 1565 26 1 1 0 tr 0 3 en 0.75;
2 1566 3 2 0 1 tr 2 2 en 0.24;
4 1567 16 1 1 tr 0 en 0.77;
1 1568 23 0 0 1 tr 1 1 en 0.49;
0 1569 -1 en 0.46;
3 1573 15 2 0 1 tr 3 0 en 0.5;
2 1575 -1 en 0.37;
0 1579 10 2 0 tr 3 en 0.44;
4 1581 -1 en 0.62;
1 1587 -1 en 0.57;
4 1592 10 1 1 2 tr 3 3 en 0.49;
3 1593 -1 en 0.5;
1 1597 10 2 1 0 0 tr 3 1 4 en 0.51;
2 1597 22 2 0 2 2 tr 4 0 0 en 0.23;
0 1599 -1 en 0.41;
4 1605 -1 en 0.76;
3 1607 14 2 0 tr 3 en 0.5;
1 1611 -1 en 0.49;
0 1613 13 2 1 1 tr 3 3 en 0.48;
2 1617 -1 en 0.45;
4 1620 14 2 tr en 0.5;
3 1623 -1 en 0.5;
0 1629 -1 en 0.48;
4 1635 -1 en 0.44;
2 1638 20 2 0 1 1 tr 3 3 3 en 0.4;
2 1641 -1 en 0.32;
1 1643 31 2 2 1 0 tr 2 0 4 en 0.44;
3 1646 23 2 1 1 2 tr 3 1 2 en 0.65;
1 1647 -1 en 0.44;
0 1652 23 2 tr en 0.73;
3 1653 -1 en 0.65;
4 1655 20 1 2 2 2 tr 3 1 1 en 0.29;
0 1659 -1 en 0.76;
2 1660 18 1 2 2 tr 3 1 en 0.39;
4 1665 -1 en 0.26;
2 1671 -1 en 0.3;
1 1677 29 1 1 0 0 tr 2 3 2 en 0.45;
1 1677 -1 en 0.45;
3 1683 29 0 tr en 0.67;
3 1683 -1 en 0.67;
2 1684 13 0 tr en 0.36;
2 1689 -1 en 0.36;
4 1691 26 1 0 tr 0 en 0.39;
0 1694 35 2 1 1 2 tr 3 0 0 en 0.6;
4 1695 -1 en 0.42;
1 1695 18 2 tr en 0.45;
0 1701 -1 en 0.58;
4 1702 7 0 tr en 0.42;
0 1703 2 0 0 1 tr 0 2 en 0.46;
1 1707 -1 en 0.58;
4 1713 -1 en 0.43;
3 1714 31 1 2 tr 3 en 0.57;
0 1719 -1 en 0.55;
2 1721 32 0 0 tr 3 en 0.49;
3 1725 -1 en 0.57;
2 1731 -1 en 0.49;
1 1735 28 0 0 0 0 tr 0 2 3 en 0.49;
0 1735 16 0 tr en 0.49;
1 1737 -1 en 0.49;
2 1739 8 1 tr en 0.49;
0 1743 -1 en 0.8;
4 1744 30 2 2 2 tr 2 3 en 0.42;
2 1749 -1 en 0.53;
3 1751 25 2 2 tr 3 en 0.83;
1 1753 16 2 tr en 0.45;
4 1755 -1 en 0.5;
3 1761 -1 en 0.72;
1 1767 -1 en 0.46;
2 1771 22 2 2 0 tr 3 3 en 0.48;
2 1773 -1 en 0.48;
1 1776 9 1 0 tr 3 en 0.47;
0 1776 33 2 2 2 2 tr 2 3 2 en 0.28;
1 1779 -1 en 0.48;
0 1785 -1 en 0.21;
4 1791 35 0 0 0 tr 0 2 en 0.5;
4 1791 -1 en 0.5;
3 1797 35 1 2 tr 4 en 0.65;
3 1797 -1 en 0.65;
2 1803 29 1 tr en 0.66;
2 1803 -1 en 0.66;
0 1803 18 0 0 2 2 tr 2 2 1 en 0.26;
4 1808 17 2 1 1 2 tr 4 4 3 en 0.51;
0 1809 -1 en 0.3;
0 1811 2 1 tr en 0.29;
4 1815 -1 en 0.48;
1 1820 41 2 1 0 tr 3 2 en 0.5;
0 1821 -1 en 0.35;
2 1825 21 0 1 tr 0 en 0.72;
3 1826 29 2 1 2 0 tr 1 1 1 en 0.47;
1 1827 -1 en 0.5;
2 1833 -1 en 0.72;
0 1835 14 2 2 2 tr 4 4 en 0.38;
4 1835 20 0 0 0 tr 0 0 en 0.48;
1 1835 8 1 0 1 1 tr 2 2 2 en 0.49;
3 1839 -1 en 0.47;
2 1843 10 0 2 2 0 tr 2 2 2 en 0.57;
0 1845 -1 en 0.45;
3 1845 6 2 2 0 0 tr 3 0 4 en 0.46;
4 1851 -1 en 0.51;
1 1857 -1 en 0.47;
2 1863 -1 en 0.56;
3 1869 -1 en 0.44;
4 1869 18 2 0 2 1 tr 4 3 2 en 0.53;
0 1870 24 2 2 2 2 tr 3 2 4 en 0.46;
1 1872 15 2 1 1 tr 3 0 en 0.56;
4 1875 -1 en 0.49;
0 1881 -1 en 0.48;
0 1881 0 2 1 1 2 tr 2 4 0 en 0.55;
1 1887 -1 en 0.61;
0 1893 -1 en 0;
2 1894 31 0 1 0 0 tr 3 1 4 en 0.49;
2 1899 -1 en 0.49;
3 1905 35 2 2 0 0 tr 3 3 4 en 0.28;
3 1905 -1 en 0.28;
4 1908 32 2 1 1 2 tr 3 1 0 en 0.48;
4 1911 -1 en 0.48;
1 1917 29 2 0 0 tr 3 3 en 0.71;
1 1917 -1 en 0.71;
0 1918 25 2 1 0 0 tr 3 3 1 en 0.41;
1 1922 5 2 2 1 0 tr 0 3 3 en 0.9;
0 1923 -1 en 0.79;
3 1926 21 2 0 2 0 tr 3 0 0 en 0.29;
1 1929 -1 en 0.71;
3 1935 -1 en 0.31;
2 1941 41 2 1 0 tr 2 2 en 0.49;
2 1941 -1 en 0.49;
2 1944 3 1 2 0 tr 3 4 en 0.49;
2 1947 -1 en 0.49;
4 1953 41 2 0 1 0 tr 1 1 1 en 0.66;
4 1953 -1 en 0.66;
3 1954 19 2 1 tr 1 en 0.27;
2 1956 8 1 0 tr 0 en 0.49;
3 1959 -1 en 0.28;
2 1965 -1 en 0.49;
0 1966 43 1 tr en 0.37;
0 1971 -1 en 0.38;
0 1974 3 1 tr en 0.37;
0 1977 -1 en 0.38;
4 1980 27 1 2 tr 0 en 0.52;
1 1981 52 1 tr en 0.67;
4 1983 -1 en 0.52;
1 1989 -1 en 0.65;
1 1990 1 0 tr en 0.65;
1 1995 -1 en 0.64;
3 1995 35 1 1 1 tr 0 0 en 0.5;
3 2001 -1 en 0.52;
2 2007 41 1 1 1 tr 0 0 en 0.42;
2 2007 -1 en 0.42;
0 2010 33 1 1 tr 0 en 0.4;
4 2012 29 1 tr en 0.48;
0 2013 -1 en 0.51;
1 2014 18 0 1 tr 3 en 0.54;
4 2019 -1 en 0.48;
3 2020 18 0 tr en 0.52;
2 2020 13 0 tr en 0.48;
1 2025 -1 en 0.49;
0 2025 12 0 0 tr 3 en 0.56;
3 2031 -1 en 0.54;
4 2032 13 1 tr en 0.4;
2 2037 -1 en 0.52;
0 2043 -1 en 0.11;
2 2047 10 0 1 1 tr 2 2 en 0.47;
4 2049 -1 en 0.51;
2 2055 -1 en 0.47;
1 2061 35 0 0 1 tr 3 3 en 0.49;
1 2061 -1 en 0.49;
3 2066 35 1 2 1 1 tr 0 0 0 en 0.5;
3 2067 -1 en 0.5;
0 2073 29 0 1 1 0 tr 4 1 4 en 0.5;
0 2073 -1 en 0.5;
3 2073 6 0 tr en 0.5;
3 2079 -1 en 0.5;
0 2081 8 0 tr en 0.46;
0 2085 -1 en 0.55;
1 2088 27 1 tr en 0.43;
1 2091 -1 en 0.48;
0 2092 7 1 tr en 0.55;
1 2095 4 0 tr en 0.44;
0 2097 -1 en 0.55;
2 2100 45 0 0 0 0 tr 2 0 1 en 0.51;
1 2103 -1 en 0.45;
4 2105 56 2 tr en 0.62;
2 2109 -1 en 0.61;
0 2110 13 0 1 0 tr 3 3 en 0.26;
4 2115 -1 en 0.37;
3 2115 36 2 tr en 0.48;
1 2119 15 0 1 tr 3 en 0.5;
0 2121 -1 en 0.53;
2 2124 14 0 0 tr 3 en 0.54;
3 2127 -1 en 0.44;
1 2133 -1 en 0.5;
0 2134 13 0 1 1 1 tr 3 4 3 en 0.53;
1 2135 2 1 0 2 tr 3 4 en 0.4;
4 2138 23 0 tr en 0.63;
2 2139 -1 en 0.76;
2 2144 5 2 0 1 tr 3 4 en 0.48;
0 2145 -1 en 0.53;
1 2151 -1 en 0.5;
4 2157 -1 en 0.54;
0 2157 12 2 2 2 tr 3 4 en 0.64;
1 2158 7 2 0 tr 0 en 0.06;
2 2163 -1 en 0.72;
0 2169 -1 en 0.18;
1 2175 -1 en 0.51;
3 2175 47 0 1 tr 2 en 0.51;
1 2179 4 1 1 2 tr 0 0 en 0.52;
3 2181 -1 en 0.54;
1 2187 -1 en 0.51;
4 2189 32 2 1 1 tr 2 1 en 0.22;
4 2193 -1 en 0.44;
2 2198 35 1 tr en 0.43;
2 2199 -1 en 0.54;
4 2201 8 1 1 1 0 tr 0 4 0 en 0.44;
4 2205 -1 en 0.29;
3 2207 25 1 2 0 2 tr 3 3 3 en 0.82;
3 2211 -1 en 0.68;
0 2214 45 1 2 0 2 tr 2 4 3 en 0.45;
0 2217 -1 en 0.52;
1 2219 31 0 tr en 0.42;
1 2223 -1 en 0.42;
2 2229 29 1 2 tr 3 en 0.52;
2 2229 -1 en 0.52;
3 2230 19 0 0 1 tr 3 0 en 0.67;
0 2234 17 0 0 2 1 tr 3 3 2 en 0.51;
3 2235 -1 en 0.62;
0 2241 -1 en 0.49;
4 2247 41 0 tr en 0.48;
4 2247 -1 en 0.48;
0 2249 8 0 0 1 tr 0 3 en 0.49;
0 2253 -1 en 0.5;
3 2254 19 0 0 2 tr 3 3 en 0.5;
3 2259 -1 en 0.55;
1 2261 37 1 1 2 0 tr 0 2 3 en 0.41;
3 2261 2 1 1 1 2 tr 0 0 3 en 0.54;
1 2265 -1 en 0.41;
3 2271 -1 en 0.54;
1 2272 7 2 1 1 0 tr 1 2 1 en 0.34;
4 2276 29 0 2 2 1 tr 3 3 3 en 0.26;
1 2277 -1 en 0.39;
4 2283 -1 en 0.38;
3 2284 13 1 2 0 tr 0 4 en 0.5;
2 2287 58 2 2 tr 2 en 0.61;
3 2289 -1 en 0.52;
2 2295 -1 en 0.54;
0 2299 45 2 tr en 0.54;
0 2301 -1 en 0.54;
1 2302 25 2 1 tr 0 en 0.46;
0 2304 3 2 0 1 2 tr 3 4 4 en 0.54;
1 2307 -1 en 0.46;
4 2311 28 2 1 1 tr 2 4 en 0.42;
0 2313 -1 en 0.72;
4 2319 -1 en 0.42;
3 2325 35 1 1 2 0 tr 2 1 1 en 0.46;
3 2325 -1 en 0.46;
2 2331 35 1 1 1 2 tr 0 1 2 en 0.55;
2 2331 -1 en 0.55;
1 2337 29 2 tr en 0.43;
1 2337 -1 en 0.43;
0 2343 29 2 0 1 2 tr 2 3 2 en 0.56;
0 2343 -1 en 0.56;
2 2345 14 0 1 1 0 tr 0 1 1 en 0.54;
0 2347 4 1 2 0 1 tr 0 1 3 en 0.56;
2 2349 -1 en 0.54;
3 2350 25 2 tr en 0.5;
0 2355 -1 en 0.48;
1 2356 19 2 0 0 1 tr 1 1 0 en 0.51;
4 2359 40 2 1 tr 3 en 0.48;
3 2361 -1 en 0.5;
1 2367 -1 en 0.51;
4 2373 -1 en 0.5;
2 2379 29 0 1 tr 3 en 0.49;
2 2379 -1 en 0.49;
0 2385 29 2 1 2 1 tr 3 1 1 en 0.48;
0 2385 -1 en 0.48;
3 2391 29 2 2 1 tr 3 1 en 0.48;
3 2391 -1 en 0.48;
1 2397 29 2 tr en 0.5;
1 2397 -1 en 0.5;
2 2400 21 1 2 2 0 tr 3 4 4 en 0.49;
2 2403 -1 en 0.49;
4 2406 32 2 1 1 tr 0 1 en 0.52;
4 2409 -1 en 0.51;
4 2412 3 0 2 1 tr 2 3 en 0.52;
0 2414 28 2 2 0 0 tr 0 0 2 en 0.42;
2 2414 11 1 0 tr 3 en 0.48;
4 2415 -1 en 0.5;
0 2421 -1 en 0.49;
2 2427 -1 en 0.5;
3 2433 41 2 1 1 2 tr 0 1 0 en 0.49;
3 2433 -1 en 0.49;
1 2434 37 1 1 0 tr 0 0 en 0.5;
1 2439 -1 en 0.5;
3 2439 6 1 1 2 tr 1 3 en 0.49;
4 2443 27 1 1 tr 0 en 0.48;
3 2445 -1 en 0.49;
0 2449 28 0 1 0 2 tr 0 0 1 en 0.51;
4 2451 -1 en 0.48;
4 2454 3 1 tr en 0.51;
0 2457 -1 en 0.58;
4 2463 -1 en 0.56;
2 2467 40 2 tr en 0.75;
2 2469 -1 en 0.74;
1 2469 29 0 0 1 tr 0 4 en 0.39;
0 2471 14 1 1 1 0 tr 0 0 1 en 0.52;
1 2475 -1 en 0.4;
0 2481 -1 en 0.5;
1 2485 9 1 1 tr 0 en 0.36;
1 2487 -1 en 0.41;
3 2491 46 1 0 tr 3 en 0.4;
3 2493 -1 en 0.47;
0 2496 14 1 2 0 tr 0 3 en 0.5;
0 2499 -1 en 0.49;
0 2501 2 2 tr en 0.51;
0 2505 -1 en 0.5;
4 2511 47 1 1 0 tr 2 0 en 0.29;
4 2511 -1 en 0.29;
2 2512 43 1 2 tr 1 en 0.57;
2 2517 -1 en 0.24;
1 2521 33 1 1 tr 0 en 0.31;
1 2523 -1 en 0.36;
3 2529 35 1 0 2 1 tr 0 3 0 en 0.59;
3 2529 -1 en 0.59;
2 2530 13 1 1 tr 3 en 0.6;
2 2535 -1 en 0.67;
0 2539 34 2 2 0 tr 0 1 en 0.8;
0 2541 -1 en 0.71;
4 2543 31 2 tr en 0.33;
1 2545 22 0 1 tr 0 en 0.36;
0 2546 5 1 2 0 tr 0 1 en 0.63;
4 2547 -1 en 0.35;
4 2552 5 1 1 tr 0 en 0.36;
1 2553 -1 en 0.36;
3 2556 27 1 1 tr 0 en 0.54;
0 2559 -1 en 0.19;
0 2560 1 1 2 tr 2 en 0.5;
4 2565 -1 en 0.48;
2 2566 31 1 1 0 tr 1 0 en 0.63;
3 2571 -1 en 0.38;
0 2577 -1 en 0.38;
3 2577 6 1 1 1 0 tr 0 0 0 en 0.38;
1 2577 24 2 1 0 1 tr 0 0 2 en 0.41;
2 2583 -1 en 0.61;
0 2583 6 1 1 2 0 tr 1 2 3 en 0.39;
3 2589 -1 en 0.45;
1 2595 -1 en 0.42;
4 2595 29 2 1 tr 3 en 0.65;
0 2601 -1 en 0.32;
4 2607 -1 en 0.65;
2 2610 27 0 2 1 tr 0 2 en 0.75;
2 2613 -1 en 0.67;
3 2619 29 2 2 2 1 tr 3 2 1 en 0.46;
3 2619 -1 en 0.46;
1 2619 24 2 1 1 0 tr 3 4 1 en 0.49;
1 2625 -1 en 0.49;
0 2628 27 2 1 2 0 tr 3 4 0 en 0.35;
0 2631 -1 en 0.38;
4 2637 29 2 1 0 0 tr 3 3 3 en 0.65;
4 2637 -1 en 0.65;
1 2640 15 2 2 0 0 tr 3 4 0 en 0.49;
1 2643 -1 en 0.49;
3 2646 26 2 1 0 1 tr 2 1 0 en 0.43;
2 2646 33 2 1 1 0 tr 1 2 3 en 0.66;
3 2649 -1 en 0.44;
0 2650 19 2 0 2 tr 3 4 en 0.35;
2 2655 -1 en 0.57;
0 2661 -1 en 0.38;
1 2663 19 0 1 1 1 tr 2 2 2 en 0.48;
4 2663 26 2 2 1 1 tr 3 1 3 en 0.53;
1 2667 -1 en 0.48;
1 2670 3 1 tr en 0.48;
4 2673 -1 en 0.6;
4 2677 4 2 1 1 0 tr 3 1 2 en 0.6;
1 2679 -1 en 0.58;
1 2682 3 2 2 0 tr 1 1 en 0.57;
0 2682 21 1 1 0 0 tr 2 2 2 en 0.3;
4 2685 -1 en 0.53;
1 2691 -1 en 0.53;
3 2692 42 1 tr en 0.61;
0 2697 -1 en 0.47;
0 2699 2 2 1 1 0 tr 3 3 0 en 0.53;
3 2703 -1 en 0.61;
2 2705 49 0 0 2 2 tr 0 2 4 en 0.39;
0 2709 -1 en 0.5;
4 2711 25 2 0 2 0 tr 1 4 0 en 0.5;
1 2711 20 2 1 0 tr 0 1 en 0.5;
2 2715 -1 en 0.45;
4 2721 -1 en 0.5;
0 2726 17 2 0 1 0 tr 3 3 2 en 0.35;
1 2727 -1 en 0.5;
2 2731 16 2 2 2 tr 3 3 en 0.45;
0 2733 -1 en 0.47;
2 2739 -1 en 0.46;
3 2739 36 2 0 2 0 tr 1 0 4 en 0.54;
3 2745 -1 en 0.54;
0 2749 16 2 1 0 1 tr 3 4 1 en 0.45;
2 2750 10 2 1 0 1 tr 3 0 4 en 0.48;
0 2751 -1 en 0.48;
2 2757 -1 en 0.52;
1 2757 29 2 0 0 tr 2 4 en 0.5;
1 2763 -1 en 0.5;
3 2766 20 1 2 2 tr 3 0 en 0.51;
2 2768 11 0 0 0 1 tr 3 0 0 en 0.5;
3 2769 -1 en 0.5;
4 2772 50 2 0 1 tr 0 0 en 0.53;
2 2775 -1 en 0.5;
1 2778 14 2 2 1 1 tr 3 0 3 en 0.48;
4 2781 -1 en 0.53;
0 2785 34 2 1 1 2 tr 2 3 1 en 0.48;
3 2785 16 2 1 0 tr 0 2 en 0.46;
1 2787 -1 en 0.47;
0 2793 -1 en 0.56;
3 2799 -1 en 0.49;
1 2803 15 1 1 0 2 tr 2 2 3 en 0.48;
1 2805 -1 en 0.47;
3 2805 6 2 1 0 tr 2 2 en 0.5;
2 2808 32 2 0 0 1 tr 3 4 0 en 0.49;
3 2811 -1 en 0.37;
4 2811 30 2 0 2 1 tr 3 4 4 en 0.51;
2 2817 -1 en 0.63;
0 2821 28 2 0 tr 3 en 0.04;
4 2823 -1 en 0.31;
0 2829 -1 en 0.59;
3 2834 22 1 2 2 tr 2 3 en 0.5;
1 2834 29 0 2 2 tr 3 4 en 0.49;
3 2835 -1 en 0.52;
1 2841 -1 en 0.49;
4 2846 23 1 1 2 0 tr 2 4 3 en 0.53;
4 2847 -1 en 0.65;
3 2852 17 1 1 tr 2 en 0.51;
3 2853 -1 en 0.54;
0 2857 27 1 0 0 2 tr 1 2 0 en 0.43;
0 2859 -1 en 0.47;
2 2865 47 1 2 tr 0 en 0.51;
2 2865 -1 en 0.51;
1 2871 29 1 1 2 0 tr 0 2 0 en 0.57;
1 2871 -1 en 0.57;
0 2872 13 1 1 2 tr 0 1 en 0.65;
0 2877 -1 en 0.48;
4 2877 30 1 1 0 tr 1 2 en 0.46;
3 2882 29 1 2 tr 1 en 0.4;
4 2883 -1 en 0.46;
3 2889 -1 en 0.29;
2 2891 26 1 0 2 tr 0 1 en 0.53;
2 2895 -1 en 0.47;
1 2901 29 1 1 tr 3 en 0.68;
1 2901 -1 en 0.68;
0 2902 25 1 1 2 tr 0 1 en 0.84;
1 2905 4 2 2 1 tr 0 1 en 0.5;
0 2907 -1 en 0.58;
3 2907 17 1 0 tr 3 en 0.37;
1 2913 -1 en 0.39;
2 2914 19 2 2 tr 3 en 0.55;
0 2915 7 0 1 1 tr 0 3 en 0.5;
1 2916 3 2 2 2 1 tr 0 1 1 en 0.47;
3 2919 -1 en 0.4;
3 2920 1 1 0 0 tr 0 2 en 0.47;
2 2925 -1 en 0.42;
4 2925 42 1 2 0 tr 2 3 en 0.49;
2 2927 2 2 0 0 1 tr 0 4 3 en 0.36;
0 2931 -1 en 0.55;
1 2937 -1 en 0.52;
3 2943 -1 en 0.63;
4 2949 -1 en 0.51;
3 2949 6 2 0 0 tr 0 3 en 0.64;
4 2953 4 1 2 0 2 tr 0 2 1 en 0.5;
2 2955 -1 en 0.38;
3 2961 -1 en 0.56;
1 2964 27 1 0 tr 1 en 0.57;
4 2967 -1 en 0.57;
0 2967 36 1 1 1 tr 0 4 en 0.48;
4 2970 3 0 tr en 0.54;
1 2973 -1 en 0.55;
0 2979 -1 en 0.42;
2 2979 24 1 1 1 2 tr 2 2 3 en 0.44;
4 2985 -1 en 0.55;
2 2991 -1 en 0.46;
3 2992 31 1 tr en 0.49;
1 2995 21 2 2 2 2 tr 4 0 1 en 0.55;
3 2997 -1 en 0.48;
0 2998 19 0 2 1 1 tr 0 0 1 en 0.25;
3 2999 2 2 1 0 0 tr 0 4 4 en 0.28;
1 3003 -1 en 0.76;
0 3009 -1 en 0;
3 3015 -1 en 0.29;
0 3015 6 2 tr en 0;
1 3016 13 2 2 0 2 tr 1 0 1 en 0.6;
2 3016 25 2 2 1 2 tr 3 2 0 en 0.64;
3 3018 3 0 0 0 2 tr 1 2 0 en 0.54;
0 3021 -1 en 0.39;
4 3024 39 1 tr en 0.58;
1 3027 -1 en 0.69;
1 3029 2 2 tr en 0.68;
2 3033 -1 en 0.55;
3 3039 -1 en 0.35;
4 3045 -1 en 0.56;
4 3047 2 2 2 tr 3 en 0.41;
0 3047 25 1 2 2 1 tr 1 2 4 en 0.78;
1 3051 -1 en 0.24;
4 3057 -1 en 0.41;
2 3061 28 2 1 2 0 tr 0 0 1 en 0.79;
0 3063 -1 en 0.14;
2 3069 -1 en 0.64;
3 3075 35 2 2 1 tr 1 1 en 0.36;
3 3075 -1 en 0.36;
3 3077 2 2 0 2 2 tr 1 2 4 en 0.28;
4 3080 23 2 1 0 1 tr 3 4 2 en 0.69;
3 3081 -1 en 0.28;
4 3087 -1 en 0.67;
4 3090 3 1 1 1 0 tr 1 2 2 en 0.67;
4 3093 -1 en 0.66;
1 3099 47 2 tr en 0.46;
1 3099 -1 en 0.46;
0 3100 37 0 0 0 tr 3 3 en 0.3;
0 3105 -1 en 0.3;
2 3110 40 2 0 1 tr 3 2 en 0.76;
2 3111 -1 en 0.76;
2 3112 1 1 1 2 tr 2 2 en 0.76;
2 3117 -1 en 0.76;
4 3119 26 2 tr en 0.58;
4 3123 -1 en 0.58;
3 3129 47 2 0 0 1 tr 0 1 1 en 0.38;
3 3129 -1 en 0.38;
2 3130 12 2 2 2 1 tr 0 3 0 en 0.76;
1 3131 32 2 2 0 tr 3 2 en 0.44;
0 3133 27 1 1 1 2 tr 3 3 1 en 0.33;
2 3135 -1 en 0.76;
1 3141 -1 en 0.42;
4 3142 19 0 0 0 2 tr 0 2 3 en 0.52;
1 3145 4 1 2 2 tr 0 3 en 0.41;
0 3147 -1 en 0.36;
4 3153 -1 en 0.5;
1 3159 -1 en 0.4;
2 3160 25 1 1 1 tr 0 1 en 0.74;
3 3163 34 1 1 1 tr 3 3 en 0.48;
2 3165 -1 en 0.73;
4 3169 15 2 1 0 tr 0 0 en 0.45;
3 3171 -1 en 0.5;
4 3177 -1 en 0.44;
0 3178 30 1 2 tr 1 en 0.43;
0 3183 -1 en 0.44;
4 3183 6 1 1 1 tr 2 0 en 0.42;
4 3189 -1 en 0.41;
4 3191 2 0 0 1 1 tr 3 0 1 en 0.41;
4 3195 -1 en 0.4;
1 3197 37 2 1 tr 1 en 0.4;
1 3201 -1 en 0.4;
0 3203 20 1 tr en 0.52;
4 3204 8 1 0 2 2 tr 2 1 4 en 0.38;
3 3204 33 1 1 2 1 tr 0 4 1 en 0.58;
0 3207 -1 en 0.5;
2 3212 47 1 1 0 1 tr 0 1 1 en 0.62;
4 3213 -1 en 0.36;
3 3219 -1 en 0.6;
2 3225 -1 en 0.77;
1 3231 29 0 tr en 0.5;
1 3231 -1 en 0.5;
0 3231 23 0 tr en 0.18;
0 3237 -1 en 0.27;
1 3238 7 1 1 1 tr 2 3 en 0.55;
0 3240 3 0 0 tr 0 en 0.32;
1 3243 -1 en 0.53;
0 3249 -1 en 0.28;
0 3254 5 1 1 0 tr 0 0 en 0.32;
2 3254 29 0 tr en 0.7;
0 3255 -1 en 0.38;
1 3259 16 1 tr en 0.42;
2 3261 -1 en 0.7;
1 3267 -1 en 0.42;
4 3273 59 0 tr en 0.6;
4 3273 -1 en 0.6;
4 3274 1 2 1 0 2 tr 1 2 0 en 0.6;
4 3279 -1 en 0.6;
3 3283 64 1 0 2 tr 0 2 en 0.35;
3 3285 -1 en 0.3;
1 3289 22 1 tr en 0.52;
1 3291 -1 en 0.44;
0 3291 35 2 0 0 tr 3 3 en 0.38;
2 3295 33 1 2 1 tr 3 4 en 0.68;
0 3297 -1 en 0.26;
3 3302 17 2 0 1 1 tr 2 2 0 en 0.4;
2 3303 -1 en 0.59;
4 3307 28 2 0 1 tr 0 3 en 0.57;
3 3309 -1 en 0.45;
1 3313 22 2 1 2 2 tr 3 1 2 en 0.57;
4 3315 -1 en 0.5;
1 3321 -1 en 0.6;
0 3327 29 2 1 0 1 tr 3 0 3 en 0.51;
0 3327 -1 en 0.51;
2 3333 29 2 0 1 tr 3 4 en 0.57;
2 3333 -1 en 0.57;
4 3333 17 2 0 2 2 tr 1 1 4 en 0.5;
0 3336 9 2 1 0 tr 1 1 en 0.47;
4 3339 -1 en 0.46;
3 3343 34 2 1 1 2 tr 3 0 4 en 0.34;
0 3345 -1 en 0.36;
3 3351 -1 en 0.37;
2 3354 20 2 2 0 2 tr 3 4 0 en 0.61;
4 3354 15 2 1 0 0 tr 3 1 2 en 0.41;
0 3354 9 2 1 0 tr 3 3 en 0.57;
3 3356 5 2 1 2 1 tr 3 3 4 en 0.37;
2 3357 -1 en 0.59;
4 3363 -1 en 0.48;
0 3369 -1 en 0.56;
3 3375 -1 en 0.39;
1 3381 59 0 2 1 2 tr 0 4 3 en 0.5;
1 3381 -1 en 0.5;
4 3383 19 2 1 2 tr 3 4 en 0.51;
0 3383 14 2 2 1 2 tr 3 2 2 en 0.46;
3 3384 9 2 0 1 tr 3 1 en 0.43;
2 3385 27 2 2 2 0 tr 2 0 2 en 0.48;
4 3387 -1 en 0.5;
0 3393 -1 en 0.52;
4 3394 7 2 2 0 0 tr 0 0 3 en 0.54;
3 3399 -1 en 0.47;
3 3402 3 2 2 tr 0 en 0.38;
2 3405 -1 en 0.22;
4 3411 -1 en 0.65;
4 3414 3 0 0 2 2 tr 0 0 0 en 0.65;
0 3416 23 1 2 0 tr 1 3 en 0.58;
3 3417 -1 en 0.49;
1 3417 36 2 0 2 0 tr 2 2 0 en 0.46;
2 3418 13 1 2 2 0 tr 3 3 3 en 0.29;
4 3423 -1 en 0.72;
3 3425 7 1 tr en 0.49;
0 3429 -1 en 0.53;
1 3435 -1 en 0.43;
0 3437 8 1 1 0 tr 3 3 en 0.27;
2 3441 -1 en 0.37;
2 3443 2 1 tr en 0.37;
4 3446 23 0 1 2 tr 0 4 en 0.62;
3 3447 -1 en 0.5;
0 3453 -1 en 0.42;
1 3458 22 2 1 0 0 tr 0 4 0 en 0.41;
2 3459 -1 en 0.37;
4 3465 -1 en 0.58;
2 3469 9 0 2 1 tr 0 2 en 0.46;
1 3471 -1 en 0.29;
2 3477 -1 en 0.51;
0 3482 29 0 1 tr 2 en 0.61;
0 3483 -1 en 0.59;
3 3489 41 1 1 tr 0 en 0.5;
3 3489 -1 en 0.5;
4 3495 29 1 2 tr 0 en 0.57;
4 3495 -1 en 0.57;
2 3498 21 0 tr en 0.52;
2 3501 -1 en 0.5;
4 3502 7 1 tr en 0.51;
4 3507 -1 en 0.47;
1 3507 36 1 2 tr 1 en 0.3;
1 3513 -1 en 0.3;
0 3514 31 0 2 0 tr 0 1 en 0.64;
0 3519 -1 en 0.63;
2 3520 18 1 1 0 tr 1 2 en 0.5;
2 3525 -1 en 0.5;
3 3531 41 0 0 tr 0 en 0.56;
3 3531 -1 en 0.56;
4 3534 27 1 1 1 tr 0 1 en 0.49;
0 3535 16 2 tr en 0.67;
4 3537 -1 en 0.48;
2 3538 12 1 tr en 0.54;
3 3539 8 1 0 2 tr 0 0 en 0.46;
0 3543 -1 en 0.62;
1 3546 33 1 1 1 0 tr 1 2 2 en 0.33;
4 3547 10 0 0 tr 0 en 0.48;
2 3549 -1 en 0.53;
2 3551 2 1 1 2 tr 4 0 en 0.53;
3 3555 -1 en 0.52;
1 3561 -1 en 0.34;
4 3567 -1 en 0.49;
1 3572 11 1 tr en 0.34;
2 3573 -1 en 0.55;
1 3579 -1 en 0.35;
4 3581 13 1 1 tr 2 en 0.48;
1 3581 2 0 1 2 tr 0 0 en 0.35;
4 3585 -1 en 0.5;
1 3591 -1 en 0.36;
4 3596 11 0 tr en 0.49;
0 3596 53 1 2 2 0 tr 1 3 4 en 0.58;
4 3597 -1 en 0.49;
0 3603 -1 en 0.51;
3 3609 53 1 1 0 tr 1 4 en 0.49;
3 3609 -1 en 0.49;
4 3611 13 0 tr en 0.48;
2 3611 38 1 tr en 0.54;
4 3615 -1 en 0.48;
0 3617 13 0 1 2 2 tr 0 0 0 en 0.44;
2 3621 -1 en 0.46;
3 3624 15 1 2 tr 0 en 0.53;
1 3625 34 0 0 0 tr 4 0 en 0.49;
0 3627 -1 en 0.54;
0 3631 4 0 1 tr 0 en 0.53;
3 3633 -1 en 0.56;
4 3638 23 1 1 tr 0 en 0.45;
1 3639 -1 en 0.54;
0 3645 -1 en 0.46;
4 3651 -1 en 0.39;
3 3656 23 0 0 1 tr 0 2 en 0.62;
3 3657 -1 en 0.63;
2 3662 40 1 tr en 0.34;
2 3663 -1 en 0.32;
4 3663 12 0 1 0 2 tr 3 4 4 en 0.3;
4 3669 -1 en 0.3;
4 3674 5 0 tr en 0.26;
1 3674 35 0 tr en 0.69;
4 3675 -1 en 0.3;
1 3681 -1 en 0.94;
2 3683 20 2 1 1 tr 2 4 en 0.25;
2 3687 -1 en 0.25;
3 3690 33 2 1 0 1 tr 1 1 2 en 0.74;
3 3693 -1 en 0.72;
0 3699 53 2 tr en 0.49;
0 3699 -1 en 0.49;
3 3700 7 1 tr en 0.65;
3 3705 -1 en 0.68;
1 3708 27 0 1 1 1 tr 3 2 0 en 0.69;
1 3711 -1 en 0.7;
4 3712 37 0 0 0 1 tr 1 1 4 en 0.28;
4 3717 -1 en 0.28;
0 3720 20 2 1 1 tr 2 3 en 0.5;
4 3722 14 2 2 1 1 tr 0 3 3 en 0.32;
2 3722 61 2 0 1 tr 1 1 en 0.32;
1 3722 38 2 1 0 1 tr 2 2 0 en 0.66;
3 3722 61 2 2 0 0 tr 3 2 4 en 0.66;
score ended;
elapsed time: 10:20;
total events/ticks: 1235;
