data;
template template-6;
float x;
float y;
float z;
float s;
float id;
array array-6 template-6-element;
;
template template-6-element;
float y;
float s;
float w;
;
;
template-6 20 20 30 6 6;
0 0 0;
42.5203 0 0;
72.9874 0 0;
94.8181 0 0;
110.46 0 0;
121.669 0 0;
129.7 0 0;
135.454 0 0;
139.577 0 0;
142.532 0 0;
144.649 0 0;
146.166 0 0;
147.253 0 0;
148.031 0 0;
148.589 0 0;
148.989 0 0;
149.276 0 0;
149.481 0 0;
149.628 0 0;
149.734 0 0;
149.809 0 0;
149.863 0 0;
149.902 0 0;
149.93 0 0;
149.95 0 0;
149.964 0 0;
149.974 0 0;
149.981 0 0;
149.987 0 0;
149.99 0 0;
;
